route_id,service_id,trip_id
1,13,133
1,13,134
1,13,135
1,13,136
1,13,137
1,13,138
1,13,139
1,13,140
1,13,141
1,13,142
1,13,143
1,13,144
1,13,145
1,13,146
1,13,147
1,13,148
1,14,149
1,15,150
1,15,151
1,15,152
1,15,153
1,15,154
1,15,155
1,15,156
1,15,157
1,15,158
1,15,159
1,15,160
1,15,161
1,15,162
1,15,163
1,16,164
1,16,165
1,16,166
1,16,167
1,16,168
1,16,169
1,16,170
1,16,171
1,16,172
1,16,173
1,16,174
1,16,175
1,16,176
1,13,309
1,13,310
1,13,311
1,13,312
1,13,313
1,13,314
1,13,315
1,13,316
1,13,317
1,13,318
1,13,319
1,13,320
1,13,321
1,13,322
1,13,323
1,13,324
1,14,325
1,15,326
1,15,327
1,15,328
1,15,329
1,15,330
1,15,331
1,15,332
1,15,333
1,15,334
1,15,335
1,15,336
1,15,337
1,15,338
1,15,339
1,16,340
1,16,341
1,16,342
1,16,343
1,16,344
1,16,345
1,16,346
1,16,347
1,16,348
1,16,349
1,16,350
1,16,351
1,16,352
10,105,4155
10,106,4156
10,106,4157
10,106,4158
10,106,4159
10,106,4160
10,106,4161
10,106,4162
10,106,4163
10,106,4164
10,106,4165
10,106,4166
10,106,4167
10,106,4168
10,106,4169
10,106,4170
10,106,4171
10,106,4172
10,106,4173
10,106,4174
10,106,4175
10,106,4176
10,106,4177
10,106,4178
10,106,4179
10,106,4180
10,106,4181
10,106,4182
10,106,4183
10,106,4184
10,106,4185
10,106,4186
10,106,4187
10,106,4188
10,106,4189
10,106,4190
10,106,4191
10,106,4192
10,106,4193
10,106,4194
10,106,4195
10,106,4196
10,106,4197
10,106,4198
10,106,4199
10,106,4200
10,106,4201
10,106,4202
10,106,4203
10,106,4204
10,106,4205
10,106,4206
10,106,4207
10,106,4208
10,106,4209
10,106,4210
10,106,4211
10,106,4212
10,106,4213
10,106,4214
10,106,4215
10,106,4216
10,106,4217
10,107,4218
10,107,4219
10,107,4220
10,107,4221
10,107,4222
10,107,4223
10,107,4224
10,107,4225
10,107,4226
10,107,4227
10,107,4228
10,107,4229
10,107,4230
10,107,4231
10,107,4232
10,107,4233
10,107,4234
10,107,4235
10,107,4236
10,107,4237
10,107,4238
10,107,4239
10,107,4240
10,107,4241
10,107,4242
10,107,4243
10,107,4244
10,107,4245
10,107,4246
10,107,4247
10,107,4248
10,107,4249
10,107,4250
10,107,4251
10,107,4252
10,107,4253
10,107,4254
10,107,4255
10,107,4256
10,107,4257
10,107,4258
10,107,4259
10,107,4260
10,107,4261
10,107,4262
10,107,4263
10,107,4264
10,107,4265
10,107,4266
10,107,4267
10,107,4268
10,107,4269
10,107,4270
10,107,4271
10,107,4272
10,107,4273
10,107,4274
10,107,4275
10,108,4276
10,108,4277
10,108,4278
10,108,4279
10,108,4280
10,108,4281
10,108,4282
10,108,4283
10,108,4284
10,108,4285
10,108,4286
10,108,4287
10,108,4288
10,108,4289
10,108,4290
10,108,4291
10,108,4292
10,108,4293
10,108,4294
10,108,4295
10,108,4296
10,108,4297
10,108,4298
10,108,4299
10,108,4300
10,108,4301
10,108,4302
10,108,4303
10,108,4304
10,108,4305
10,108,4306
10,108,4307
10,108,4308
10,108,4309
10,108,4310
10,108,4311
10,108,4312
10,108,4313
10,108,4314
10,108,4315
10,108,4316
10,108,4317
10,108,4318
10,108,4319
10,108,4320
10,108,4321
10,108,4322
10,108,4323
10,108,4324
10,108,4325
10,108,4326
10,108,4327
10,108,4328
10,108,4329
10,108,4330
10,108,4331
10,108,4332
10,108,4333
10,108,4334
10,108,4335
10,109,4336
10,109,4337
10,109,4338
10,109,4339
10,109,4340
10,109,4341
10,109,4342
10,109,4343
10,109,4344
10,109,4345
10,109,4346
10,109,4347
10,109,4348
10,109,4349
10,109,4350
10,109,4351
10,109,4352
10,109,4353
10,109,4354
10,109,4355
10,109,4356
10,109,4357
10,109,4358
10,109,4359
10,109,4360
10,109,4361
10,109,4362
10,109,4363
10,109,4364
10,109,4365
10,109,4366
10,109,4367
10,109,4368
10,109,4369
10,109,4370
10,109,4371
10,109,4372
10,109,4373
10,109,4374
10,109,4375
10,109,4376
10,109,4377
10,109,4378
10,109,4379
10,109,4380
10,109,4381
10,109,4382
10,109,4383
10,109,4384
10,109,4385
10,109,4386
10,109,4387
10,109,4388
10,109,4389
10,109,4390
10,109,4391
10,109,4392
10,109,4393
10,109,4394
10,109,4395
10,109,4396
10,109,4397
10,109,4398
10,110,4399
10,110,4400
10,111,4401
10,111,4402
10,112,4403
10,112,4404
10,112,4405
10,112,4406
10,112,4407
10,112,4408
10,112,4409
10,112,4410
10,112,4411
10,112,4412
10,112,4413
10,112,4414
10,112,4415
10,112,4416
10,112,4417
10,112,4418
10,112,4419
10,112,4420
10,112,4421
10,112,4422
10,112,4423
10,112,4424
10,112,4425
10,112,4426
10,112,4427
10,112,4428
10,112,4429
10,112,4430
10,112,4431
10,112,4432
10,112,4433
10,112,4434
10,112,4435
10,112,4436
10,112,4437
10,112,4438
10,112,4439
10,112,4440
10,112,4441
10,112,4442
10,112,4443
10,112,4444
10,112,4445
10,112,4446
10,112,4447
10,112,4448
10,112,4449
10,112,4450
10,112,4451
10,112,4452
10,112,4453
10,112,4454
10,112,4455
10,112,4456
10,112,4457
10,112,4458
10,112,4459
10,112,4460
10,112,4461
10,112,4462
10,112,4463
10,112,4464
10,112,4465
10,112,4466
10,113,4467
10,113,4468
10,113,4469
10,113,4470
10,113,4471
10,113,4472
10,113,4473
10,113,4474
10,113,4475
10,113,4476
10,113,4477
10,113,4478
10,113,4479
10,113,4480
10,113,4481
10,113,4482
10,113,4483
10,113,4484
10,113,4485
10,113,4486
10,113,4487
10,113,4488
10,113,4489
10,113,4490
10,113,4491
10,113,4492
10,113,4493
10,113,4494
10,113,4495
10,113,4496
10,113,4497
10,113,4498
10,113,4499
10,113,4500
10,113,4501
10,113,4502
10,113,4503
10,113,4504
10,113,4505
10,113,4506
10,113,4507
10,113,4508
10,113,4509
10,113,4510
10,113,4511
10,113,4512
10,113,4513
10,113,4514
10,113,4515
10,113,4516
10,113,4517
10,113,4518
10,113,4519
10,113,4520
10,113,4521
10,113,4522
10,113,4523
10,113,4524
10,113,4525
10,113,4526
10,106,8323
10,106,8324
10,106,8325
10,106,8326
10,106,8327
10,106,8328
10,106,8329
10,106,8330
10,106,8331
10,106,8332
10,106,8333
10,106,8334
10,106,8335
10,106,8336
10,106,8337
10,106,8338
10,106,8339
10,106,8340
10,106,8341
10,106,8342
10,106,8343
10,106,8344
10,106,8345
10,106,8346
10,106,8347
10,106,8348
10,106,8349
10,106,8350
10,106,8351
10,106,8352
10,106,8353
10,106,8354
10,106,8355
10,106,8356
10,106,8357
10,106,8358
10,106,8359
10,106,8360
10,106,8361
10,106,8362
10,106,8363
10,106,8364
10,106,8365
10,106,8366
10,106,8367
10,106,8368
10,106,8369
10,106,8370
10,106,8371
10,106,8372
10,106,8373
10,106,8374
10,106,8375
10,106,8376
10,106,8377
10,106,8378
10,106,8379
10,106,8380
10,106,8381
10,106,8382
10,106,8383
10,106,8384
10,106,8385
10,107,8386
10,107,8387
10,107,8388
10,107,8389
10,107,8390
10,107,8391
10,107,8392
10,107,8393
10,107,8394
10,107,8395
10,107,8396
10,107,8397
10,107,8398
10,107,8399
10,107,8400
10,107,8401
10,107,8402
10,107,8403
10,107,8404
10,107,8405
10,107,8406
10,107,8407
10,107,8408
10,107,8409
10,107,8410
10,107,8411
10,107,8412
10,107,8413
10,107,8414
10,107,8415
10,107,8416
10,107,8417
10,107,8418
10,107,8419
10,107,8420
10,107,8421
10,107,8422
10,107,8423
10,107,8424
10,107,8425
10,107,8426
10,107,8427
10,107,8428
10,107,8429
10,107,8430
10,107,8431
10,107,8432
10,107,8433
10,107,8434
10,107,8435
10,107,8436
10,107,8437
10,107,8438
10,107,8439
10,107,8440
10,107,8441
10,107,8442
10,107,8443
10,108,8444
10,108,8445
10,108,8446
10,108,8447
10,108,8448
10,108,8449
10,108,8450
10,108,8451
10,108,8452
10,108,8453
10,108,8454
10,108,8455
10,108,8456
10,108,8457
10,108,8458
10,108,8459
10,108,8460
10,108,8461
10,108,8462
10,108,8463
10,108,8464
10,108,8465
10,108,8466
10,108,8467
10,108,8468
10,108,8469
10,108,8470
10,108,8471
10,108,8472
10,108,8473
10,108,8474
10,108,8475
10,108,8476
10,108,8477
10,108,8478
10,108,8479
10,108,8480
10,108,8481
10,108,8482
10,108,8483
10,108,8484
10,108,8485
10,108,8486
10,108,8487
10,108,8488
10,108,8489
10,108,8490
10,108,8491
10,108,8492
10,108,8493
10,108,8494
10,108,8495
10,108,8496
10,108,8497
10,108,8498
10,108,8499
10,108,8500
10,108,8501
10,108,8502
10,108,8503
10,109,8504
10,109,8505
10,109,8506
10,109,8507
10,109,8508
10,109,8509
10,109,8510
10,109,8511
10,109,8512
10,109,8513
10,109,8514
10,109,8515
10,109,8516
10,109,8517
10,109,8518
10,109,8519
10,109,8520
10,109,8521
10,109,8522
10,109,8523
10,109,8524
10,109,8525
10,109,8526
10,109,8527
10,109,8528
10,109,8529
10,109,8530
10,109,8531
10,109,8532
10,109,8533
10,109,8534
10,109,8535
10,109,8536
10,109,8537
10,109,8538
10,109,8539
10,109,8540
10,109,8541
10,109,8542
10,109,8543
10,109,8544
10,109,8545
10,109,8546
10,109,8547
10,109,8548
10,109,8549
10,109,8550
10,109,8551
10,109,8552
10,109,8553
10,109,8554
10,109,8555
10,109,8556
10,109,8557
10,109,8558
10,109,8559
10,109,8560
10,109,8561
10,109,8562
10,109,8563
10,109,8564
10,109,8565
10,109,8566
10,110,8567
10,110,8568
10,111,8569
10,111,8570
10,112,8571
10,112,8572
10,112,8573
10,112,8574
10,112,8575
10,112,8576
10,112,8577
10,112,8578
10,112,8579
10,112,8580
10,112,8581
10,112,8582
10,112,8583
10,112,8584
10,112,8585
10,112,8586
10,112,8587
10,112,8588
10,112,8589
10,112,8590
10,112,8591
10,112,8592
10,112,8593
10,112,8594
10,112,8595
10,112,8596
10,112,8597
10,112,8598
10,112,8599
10,112,8600
10,112,8601
10,112,8602
10,112,8603
10,112,8604
10,112,8605
10,112,8606
10,112,8607
10,112,8608
10,112,8609
10,112,8610
10,112,8611
10,112,8612
10,112,8613
10,112,8614
10,112,8615
10,112,8616
10,112,8617
10,112,8618
10,112,8619
10,112,8620
10,112,8621
10,112,8622
10,112,8623
10,112,8624
10,112,8625
10,112,8626
10,112,8627
10,112,8628
10,112,8629
10,112,8630
10,112,8631
10,112,8632
10,112,8633
10,112,8634
10,113,8635
10,113,8636
10,113,8637
10,113,8638
10,113,8639
10,113,8640
10,113,8641
10,113,8642
10,113,8643
10,113,8644
10,113,8645
10,113,8646
10,113,8647
10,113,8648
10,113,8649
10,113,8650
10,113,8651
10,113,8652
10,113,8653
10,113,8654
10,113,8655
10,113,8656
10,113,8657
10,113,8658
10,113,8659
10,113,8660
10,113,8661
10,113,8662
10,113,8663
10,113,8664
10,113,8665
10,113,8666
10,113,8667
10,113,8668
10,113,8669
10,113,8670
10,113,8671
10,113,8672
10,113,8673
10,113,8674
10,113,8675
10,113,8676
10,113,8677
10,113,8678
10,113,8679
10,113,8680
10,113,8681
10,113,8682
10,113,8683
10,113,8684
10,113,8685
10,113,8686
10,113,8687
10,113,8688
10,113,8689
10,113,8690
10,113,8691
10,113,8692
10,113,8693
10,113,8694
12,164,9498
12,164,9499
12,164,9500
12,164,9501
12,164,9502
12,164,9503
12,164,9504
12,164,9505
12,164,9506
12,164,9507
12,164,9508
12,164,9509
12,164,9510
12,164,9511
12,164,9512
12,164,9513
12,164,9514
12,164,9515
12,164,9516
12,164,9517
12,164,9518
12,164,9519
12,164,9520
12,164,9521
12,164,9522
12,164,9523
12,164,9524
12,164,9525
12,164,9526
12,164,9527
12,164,9528
12,164,9529
12,164,9530
12,164,9531
12,164,9532
12,164,9533
12,164,9534
12,164,9535
12,164,9536
12,164,9537
12,164,9538
12,164,9539
12,164,9540
12,164,9541
12,164,9542
12,164,9543
12,164,9544
12,164,9545
12,164,9546
12,164,9547
12,164,9548
12,164,9549
12,164,9550
12,164,9551
12,164,9552
12,164,9553
12,164,9554
12,164,9555
12,164,9556
12,164,9557
12,164,9558
12,164,9559
12,164,9560
12,164,9561
12,164,9562
12,164,9563
12,164,9564
12,164,9565
12,164,9566
12,164,9567
12,164,9568
12,164,9569
12,164,9570
12,164,9571
12,165,9572
12,165,9573
12,165,9574
12,165,9575
12,165,9576
12,13,9577
12,13,9578
12,13,9579
12,166,9580
12,166,9581
12,166,9582
12,166,9583
12,164,9584
12,164,10002
12,164,10003
12,164,10004
12,164,10005
12,164,10006
12,164,10007
12,164,10008
12,164,10009
12,164,10010
12,164,10011
12,164,10012
12,164,10013
12,164,10014
12,164,10015
12,164,10016
12,164,10017
12,164,10018
12,164,10019
12,164,10020
12,164,10021
12,164,10022
12,164,10023
12,164,10024
12,164,10025
12,164,10026
12,164,10027
12,164,10028
12,164,10029
12,164,10030
12,164,10031
12,164,10032
12,164,10033
12,164,10034
12,164,10035
12,164,10036
12,164,10037
12,164,10038
12,164,10039
12,164,10040
12,164,10041
12,164,10042
12,164,10043
12,164,10044
12,164,10045
12,164,10046
12,164,10047
12,164,10048
12,164,10049
12,164,10050
12,164,10051
12,164,10052
12,164,10053
12,164,10054
12,164,10055
12,164,10056
12,164,10057
12,164,10058
12,164,10059
12,164,10060
12,164,10061
12,164,10062
12,164,10063
12,164,10064
12,164,10065
12,164,10066
12,164,10067
12,164,10068
12,164,10069
12,164,10070
12,164,10071
12,164,10072
12,164,10073
12,164,10074
12,164,10075
12,164,10076
12,165,10077
12,165,10078
12,165,10079
12,165,10080
12,165,10081
12,165,10082
12,165,10083
12,165,10084
12,165,10085
12,13,10086
12,13,10087
12,13,10088
12,13,10089
12,13,10090
12,13,10091
12,14,10092
12,14,10093
12,14,10094
12,14,10095
12,14,10096
12,14,10097
12,15,10098
12,15,10099
12,15,10100
12,15,10101
12,15,10102
12,15,10103
12,164,10104
13,228,10822
13,228,10823
13,228,10824
13,228,10825
13,228,10826
13,228,10827
13,228,10828
13,228,10829
13,228,10830
13,228,10831
13,228,10832
13,228,10833
13,228,10834
13,228,10835
13,228,10836
13,228,10837
13,228,10838
13,228,10839
13,228,10840
13,228,10841
13,228,10842
13,228,10843
13,228,10844
13,228,10845
13,228,10846
13,228,10847
13,228,10848
13,228,10849
13,228,10850
13,228,10851
13,228,10852
13,228,10853
13,228,10854
13,228,10855
13,228,10856
13,228,10857
13,228,10858
13,228,10859
13,228,10897
13,228,10898
13,228,10899
13,228,10900
13,228,10901
13,228,10902
13,228,10903
13,228,10904
13,228,10905
13,228,10906
13,228,10907
13,228,10908
13,228,10909
13,228,10910
13,228,10911
13,228,10912
13,228,10913
13,228,10914
13,228,10915
13,228,10916
13,228,10917
13,228,10918
13,228,10919
13,228,10920
13,228,10921
13,228,10922
13,228,10923
13,228,10924
13,228,10925
13,228,10926
13,228,10927
13,228,10928
13,228,10929
13,228,10930
13,228,10931
13,228,10932
13,228,10933
14,253,11297
14,253,11298
14,253,11299
14,253,11300
14,253,11301
14,253,11302
14,253,11303
14,253,11304
14,253,11305
14,253,11306
14,253,11307
14,253,11308
14,253,11309
14,253,11310
14,253,11311
14,253,11312
14,253,11313
14,253,11314
14,253,11315
14,253,11316
14,253,11317
14,253,11318
14,253,11319
14,253,11320
14,253,11321
14,253,11322
14,253,11323
14,253,11324
14,253,11325
14,253,11326
14,253,11327
14,254,11328
14,254,11329
14,254,11330
14,254,11331
14,254,11332
14,254,11333
14,254,11334
14,254,11335
14,254,11336
14,254,11337
14,254,11338
14,254,11339
14,254,11340
14,254,11341
14,254,11342
14,254,11343
14,254,11344
14,254,11345
14,254,11346
14,254,11347
14,254,11348
14,254,11349
14,254,11350
14,254,11351
14,254,11352
14,254,11353
14,254,11354
14,254,11355
14,254,11356
14,254,11357
14,254,11358
14,253,11391
14,253,11392
14,253,11393
14,253,11394
14,253,11395
14,253,11396
14,253,11397
14,253,11398
14,253,11399
14,253,11400
14,253,11401
14,253,11402
14,253,11403
14,253,11404
14,253,11405
14,253,11406
14,253,11407
14,253,11408
14,253,11409
14,253,11410
14,253,11411
14,253,11412
14,253,11413
14,253,11414
14,253,11415
14,253,11416
14,253,11417
14,253,11418
14,253,11419
14,253,11420
14,253,11421
14,253,11422
14,254,11423
14,254,11424
14,254,11425
14,254,11426
14,254,11427
14,254,11428
14,254,11429
14,254,11430
14,254,11431
14,254,11432
14,254,11433
14,254,11434
14,254,11435
14,254,11436
14,254,11437
14,254,11438
14,254,11439
14,254,11440
14,254,11441
14,254,11442
14,254,11443
14,254,11444
14,254,11445
14,254,11446
14,254,11447
14,254,11448
14,254,11449
14,254,11450
14,254,11451
14,254,11452
14,254,11453
14,254,11454
15,258,11693
15,258,11694
15,258,11695
15,258,11696
15,258,11697
15,258,11698
15,258,11699
15,258,11700
15,258,11701
15,258,11702
15,258,11703
15,258,11704
15,258,11705
15,258,11706
15,258,11707
15,258,11708
15,258,11709
15,258,11710
15,258,11711
15,258,11712
15,258,11713
15,258,11714
15,258,11715
15,258,11716
15,258,11717
15,258,11718
15,258,11719
15,258,11720
15,258,11721
15,258,11722
15,258,11723
15,258,11724
15,258,11725
15,258,11726
15,258,11727
15,258,11728
15,258,11729
15,258,11730
15,258,11731
15,258,11732
15,258,11733
15,258,11734
15,258,11735
15,258,11736
15,258,11737
15,258,11738
15,258,11739
15,258,11740
15,258,11741
15,258,11742
15,258,11743
15,258,11744
15,258,11745
15,258,11746
15,258,11747
15,258,11748
15,258,11749
15,258,11750
15,258,11751
15,258,11752
15,258,11753
15,258,11754
15,258,11755
15,259,11756
15,259,11757
15,259,11758
15,259,11759
15,259,11760
15,259,11761
15,259,11762
15,259,11763
15,259,11764
15,259,11765
15,259,11766
15,259,11767
15,259,11768
15,259,11769
15,259,11770
15,259,11771
15,259,11772
15,259,11773
15,259,11774
15,259,11775
15,259,11776
15,259,11777
15,259,11778
15,259,11779
15,259,11780
15,259,11781
15,259,11782
15,259,11783
15,259,11784
15,259,11785
15,259,11786
15,259,11787
15,259,11788
15,259,11789
15,259,11790
15,259,11791
15,259,11792
15,259,11793
15,259,11794
15,259,11795
15,259,11796
15,259,11797
15,259,11798
15,259,11799
15,259,11800
15,259,11801
15,259,11802
15,259,11803
15,259,11804
15,259,11805
15,259,11806
15,259,11807
15,259,11808
15,259,11809
15,259,11810
15,259,11811
15,259,11812
15,259,11813
15,260,11814
15,260,11815
15,260,11816
15,260,11817
15,260,11818
15,260,11819
15,260,11820
15,260,11821
15,260,11822
15,260,11823
15,260,11824
15,260,11825
15,260,11826
15,260,11827
15,260,11828
15,260,11829
15,260,11830
15,260,11831
15,260,11832
15,260,11833
15,260,11834
15,260,11835
15,260,11836
15,260,11837
15,260,11838
15,260,11839
15,260,11840
15,260,11841
15,260,11842
15,260,11843
15,260,11844
15,260,11845
15,260,11846
15,260,11847
15,260,11848
15,260,11849
15,260,11850
15,260,11851
15,260,11852
15,260,11853
15,260,11854
15,260,11855
15,260,11856
15,260,11857
15,260,11858
15,260,11859
15,260,11860
15,260,11861
15,260,11862
15,260,11863
15,260,11864
15,260,11865
15,260,11866
15,260,11867
15,260,11868
15,260,11869
15,260,11870
15,260,11871
15,260,11872
15,260,11873
15,260,11874
15,260,11875
15,260,11876
15,261,11877
15,261,11878
15,261,11879
15,261,11880
15,261,11881
15,261,11882
15,261,11883
15,261,11884
15,261,11885
15,261,11886
15,261,11887
15,261,11888
15,261,11889
15,261,11890
15,261,11891
15,261,11892
15,261,11893
15,261,11894
15,261,11895
15,261,11896
15,261,11897
15,261,11898
15,261,11899
15,261,11900
15,261,11901
15,261,11902
15,261,11903
15,261,11904
15,261,11905
15,261,11906
15,261,11907
15,261,11908
15,261,11909
15,261,11910
15,261,11911
15,261,11912
15,261,11913
15,261,11914
15,261,11915
15,261,11916
15,261,11917
15,261,11918
15,261,11919
15,261,11920
15,261,11921
15,261,11922
15,261,11923
15,261,11924
15,261,11925
15,261,11926
15,261,11927
15,261,11928
15,261,11929
15,261,11930
15,261,11931
15,261,11932
15,261,11933
15,261,11934
15,258,12175
15,258,12176
15,258,12177
15,258,12178
15,258,12179
15,258,12180
15,258,12181
15,258,12182
15,258,12183
15,258,12184
15,258,12185
15,258,12186
15,258,12187
15,258,12188
15,258,12189
15,258,12190
15,258,12191
15,258,12192
15,258,12193
15,258,12194
15,258,12195
15,258,12196
15,258,12197
15,258,12198
15,258,12199
15,258,12200
15,258,12201
15,258,12202
15,258,12203
15,258,12204
15,258,12205
15,258,12206
15,258,12207
15,258,12208
15,258,12209
15,258,12210
15,258,12211
15,258,12212
15,258,12213
15,258,12214
15,258,12215
15,258,12216
15,258,12217
15,258,12218
15,258,12219
15,258,12220
15,258,12221
15,258,12222
15,258,12223
15,258,12224
15,258,12225
15,258,12226
15,258,12227
15,258,12228
15,258,12229
15,258,12230
15,258,12231
15,258,12232
15,258,12233
15,258,12234
15,258,12235
15,259,12236
15,259,12237
15,259,12238
15,259,12239
15,259,12240
15,259,12241
15,259,12242
15,259,12243
15,259,12244
15,259,12245
15,259,12246
15,259,12247
15,259,12248
15,259,12249
15,259,12250
15,259,12251
15,259,12252
15,259,12253
15,259,12254
15,259,12255
15,259,12256
15,259,12257
15,259,12258
15,259,12259
15,259,12260
15,259,12261
15,259,12262
15,259,12263
15,259,12264
15,259,12265
15,259,12266
15,259,12267
15,259,12268
15,259,12269
15,259,12270
15,259,12271
15,259,12272
15,259,12273
15,259,12274
15,259,12275
15,259,12276
15,259,12277
15,259,12278
15,259,12279
15,259,12280
15,259,12281
15,259,12282
15,259,12283
15,259,12284
15,259,12285
15,259,12286
15,259,12287
15,259,12288
15,259,12289
15,259,12290
15,259,12291
15,259,12292
15,259,12293
15,258,12294
15,260,12295
15,260,12296
15,260,12297
15,260,12298
15,260,12299
15,260,12300
15,260,12301
15,260,12302
15,260,12303
15,260,12304
15,260,12305
15,260,12306
15,260,12307
15,260,12308
15,260,12309
15,260,12310
15,260,12311
15,260,12312
15,260,12313
15,260,12314
15,260,12315
15,260,12316
15,260,12317
15,260,12318
15,260,12319
15,260,12320
15,260,12321
15,260,12322
15,260,12323
15,260,12324
15,260,12325
15,260,12326
15,260,12327
15,260,12328
15,260,12329
15,260,12330
15,260,12331
15,260,12332
15,260,12333
15,260,12334
15,260,12335
15,260,12336
15,260,12337
15,260,12338
15,260,12339
15,260,12340
15,260,12341
15,260,12342
15,260,12343
15,260,12344
15,260,12345
15,260,12346
15,260,12347
15,260,12348
15,260,12349
15,260,12350
15,260,12351
15,260,12352
15,260,12353
15,260,12354
15,260,12355
15,261,12356
15,261,12357
15,261,12358
15,261,12359
15,261,12360
15,261,12361
15,261,12362
15,261,12363
15,261,12364
15,261,12365
15,261,12366
15,261,12367
15,261,12368
15,261,12369
15,261,12370
15,261,12371
15,261,12372
15,261,12373
15,261,12374
15,261,12375
15,261,12376
15,261,12377
15,261,12378
15,261,12379
15,261,12380
15,261,12381
15,261,12382
15,261,12383
15,261,12384
15,261,12385
15,261,12386
15,261,12387
15,261,12388
15,261,12389
15,261,12390
15,261,12391
15,261,12392
15,261,12393
15,261,12394
15,261,12395
15,261,12396
15,261,12397
15,261,12398
15,261,12399
15,261,12400
15,261,12401
15,261,12402
15,261,12403
15,261,12404
15,261,12405
15,261,12406
15,261,12407
15,261,12408
15,261,12409
15,261,12410
15,261,12411
15,261,12412
15,261,12413
15,260,12414
16,303,12535
16,303,12536
16,303,12537
16,303,12538
16,303,12539
16,303,12540
16,304,12541
16,305,12542
16,306,12543
16,307,12544
16,308,12545
16,309,12546
16,309,12547
16,309,12548
16,309,12549
16,309,12550
16,309,12551
16,310,12552
16,310,12553
16,310,12554
16,310,12555
16,311,12556
16,311,12557
16,311,12558
16,311,12559
16,311,12560
16,311,12561
16,312,12562
16,312,12563
16,313,12564
16,314,12565
16,315,12566
16,315,12567
16,316,12568
16,316,12569
16,317,12570
16,317,12571
16,317,12572
16,317,12573
16,317,12574
16,317,12575
16,318,12576
16,318,12577
16,318,12578
16,318,12579
16,318,12580
16,303,12682
16,303,12683
16,303,12684
16,303,12685
16,303,12686
16,303,12687
16,303,12688
16,305,12689
16,309,12690
16,309,12691
16,309,12692
16,309,12693
16,309,12694
16,310,12695
16,310,12696
16,310,12697
16,310,12698
16,309,12699
16,311,12700
16,311,12701
16,311,12702
16,311,12703
16,311,12704
16,311,12705
16,311,12706
16,312,12707
16,313,12708
16,315,12709
16,316,12710
16,317,12711
16,317,12712
16,317,12713
16,317,12714
16,317,12715
16,317,12716
16,317,12717
16,318,12718
16,318,12719
16,318,12720
16,318,12721
16,318,12722
17,397,12923
17,397,12924
17,397,12925
17,397,12926
17,397,12927
17,397,12928
17,398,12929
17,398,12930
17,399,12931
17,400,12932
17,400,12933
17,400,12934
17,400,12935
17,400,12936
17,401,12937
17,401,12938
17,401,12939
17,401,12940
17,397,13138
17,397,13139
17,397,13140
17,397,13141
17,397,13142
17,397,13143
17,398,13144
17,398,13145
17,399,13146
17,400,13147
17,400,13148
17,400,13149
17,400,13150
17,400,13151
17,401,13152
17,401,13153
17,401,13154
17,401,13155
18,13,13420
18,13,13421
18,13,13422
18,13,13423
18,13,13424
18,13,13425
18,13,13426
18,13,13427
18,13,13428
18,13,13429
18,13,13430
18,13,13431
18,13,13432
18,13,13433
18,13,13434
18,13,13435
18,13,13436
18,13,13437
18,13,13438
18,13,13439
18,13,13440
18,13,13441
18,13,13442
18,13,13443
18,13,13444
18,13,13445
18,13,13446
18,13,13447
18,13,13448
18,13,13449
18,13,13450
18,13,13451
18,13,13452
18,13,13453
18,13,13454
18,13,13455
18,13,13456
18,13,13457
18,13,13458
18,13,13459
18,13,13460
18,13,13461
18,13,13462
18,13,13463
18,13,13464
18,13,13465
18,405,13466
18,405,13467
18,405,13468
18,405,13469
18,405,13470
18,405,13471
18,405,13472
18,405,13473
18,405,13474
18,405,13475
18,405,13476
18,405,13477
18,405,13478
18,405,13479
18,405,13480
18,405,13481
18,405,13482
18,405,13483
18,405,13484
18,405,13485
18,405,13486
18,405,13487
18,405,13488
18,405,13489
18,405,13490
18,405,13491
18,405,13492
18,405,13493
18,405,13494
18,405,13495
18,405,13496
18,405,13497
18,405,13498
18,405,13499
18,405,13500
18,405,13501
18,405,13502
18,405,13503
18,405,13504
18,405,13505
18,405,13506
18,405,13507
18,405,13772
18,405,13773
18,405,13774
18,405,13775
18,405,13776
18,405,13777
18,405,13778
18,405,13779
18,405,13780
18,405,13781
18,405,13782
18,405,13783
18,405,13784
18,405,13785
18,405,13786
18,405,13787
18,405,13788
18,405,13789
18,405,13790
18,405,13791
18,405,13792
18,405,13793
18,405,13794
18,405,13795
18,405,13796
18,405,13797
18,405,13798
18,405,13799
18,405,13800
18,405,13801
18,405,13802
18,405,13803
18,405,13804
18,405,13805
18,405,13806
18,405,13807
18,405,13808
18,405,13809
18,405,13810
18,405,13811
18,405,13812
18,13,13813
18,13,13814
18,13,13815
18,13,13816
18,13,13817
18,13,13818
18,13,13819
18,13,13820
18,13,13821
18,13,13822
18,13,13823
18,13,13824
18,13,13825
18,13,13826
18,13,13827
18,13,13828
18,13,13829
18,13,13830
18,13,13831
18,13,13832
18,13,13833
18,13,13834
18,13,13835
18,13,13836
18,13,13837
18,13,13838
18,13,13839
18,13,13840
18,13,13841
18,13,13842
18,13,13843
18,13,13844
18,13,13845
18,13,13846
18,13,13847
18,13,13848
18,13,13849
18,13,13850
18,13,13851
18,13,13852
18,13,13853
18,13,13854
18,13,13855
18,13,13856
18,13,13857
18,13,13858
18,405,13859
19,164,14034
19,164,14035
19,164,14036
19,164,14037
19,164,14038
19,164,14039
19,164,14040
19,164,14041
19,164,14042
19,164,14043
19,164,14044
19,164,14045
19,164,14046
19,164,14047
19,164,14048
19,164,14049
19,164,14050
19,164,14051
19,164,14052
19,164,14053
19,164,14054
19,164,14055
19,164,14056
19,164,14057
19,164,14058
19,164,14059
19,164,14060
19,164,14061
19,164,14062
19,164,14063
19,164,14064
19,164,14065
19,164,14066
19,164,14067
19,164,14068
19,164,14069
19,164,14070
19,164,14071
19,164,14072
19,164,14073
19,164,14074
19,164,14075
19,164,14076
19,164,14077
19,164,14078
19,164,14079
19,164,14080
19,164,14081
19,164,14082
19,164,14083
19,164,14084
19,164,14085
19,164,14086
19,164,14087
19,164,14088
19,164,14089
19,164,14090
19,164,14091
19,164,14266
19,164,14267
19,164,14268
19,164,14269
19,164,14270
19,164,14271
19,164,14272
19,164,14273
19,164,14274
19,164,14275
19,164,14276
19,164,14277
19,164,14278
19,164,14279
19,164,14280
19,164,14281
19,164,14282
19,164,14283
19,164,14284
19,164,14285
19,164,14286
19,164,14287
19,164,14288
19,164,14289
19,164,14290
19,164,14291
19,164,14292
19,164,14293
19,164,14294
19,164,14295
19,164,14296
19,164,14297
19,164,14298
19,164,14299
19,164,14300
19,164,14301
19,164,14302
19,164,14303
19,164,14304
19,164,14305
19,164,14306
19,164,14307
19,164,14308
19,164,14309
19,164,14310
19,164,14311
19,164,14312
19,164,14313
19,164,14314
19,164,14315
19,164,14316
19,164,14317
19,164,14318
19,164,14319
19,164,14320
19,164,14321
19,164,14322
19,164,14323
2,164,14532
2,164,14533
2,164,14534
2,164,14535
2,164,14536
2,164,14537
2,164,14538
2,164,14539
2,164,14540
2,164,14541
2,164,14542
2,164,14543
2,164,14544
2,164,14545
2,164,14546
2,164,14547
2,164,14548
2,164,14549
2,164,14550
2,164,14551
2,164,14552
2,164,14553
2,164,14554
2,164,14555
2,164,14556
2,164,14557
2,164,14558
2,164,14559
2,164,14560
2,164,14561
2,164,14562
2,164,14563
2,164,14564
2,164,14565
2,164,14566
2,164,14567
2,164,14568
2,164,14569
2,164,14570
2,164,14571
2,164,14572
2,164,14573
2,164,14574
2,164,14575
2,164,14576
2,164,14577
2,164,14578
2,164,14579
2,164,14580
2,164,14581
2,164,14582
2,164,14583
2,164,14792
2,164,14793
2,164,14794
2,164,14795
2,164,14796
2,164,14797
2,164,14798
2,164,14799
2,164,14800
2,164,14801
2,164,14802
2,164,14803
2,164,14804
2,164,14805
2,164,14806
2,164,14807
2,164,14808
2,164,14809
2,164,14810
2,164,14811
2,164,14812
2,164,14813
2,164,14814
2,164,14815
2,164,14816
2,164,14817
2,164,14818
2,164,14819
2,164,14820
2,164,14821
2,164,14822
2,164,14823
2,164,14824
2,164,14825
2,164,14826
2,164,14827
2,164,14828
2,164,14829
2,164,14830
2,164,14831
2,164,14832
2,164,14833
2,164,14834
2,164,14835
2,164,14836
2,164,14837
2,164,14838
2,164,14839
2,164,14840
2,164,14841
2,164,14842
2,164,14843
20,164,15048
20,164,15049
20,164,15050
20,164,15051
20,164,15052
20,164,15053
20,164,15054
20,164,15055
20,164,15056
20,164,15057
20,164,15058
20,164,15059
20,164,15060
20,164,15061
20,164,15062
20,164,15063
20,164,15064
20,164,15065
20,164,15066
20,164,15067
20,164,15068
20,164,15069
20,164,15070
20,164,15071
20,164,15072
20,164,15073
20,164,15074
20,164,15075
20,164,15076
20,164,15077
20,164,15078
20,164,15079
20,164,15080
20,164,15081
20,164,15082
20,164,15083
20,164,15084
20,164,15085
20,164,15086
20,164,15087
20,164,15088
20,164,15089
20,164,15090
20,164,15091
20,164,15092
20,164,15093
20,164,15094
20,164,15095
20,164,15096
20,164,15097
20,164,15098
20,164,15099
20,164,15100
20,164,15101
20,164,15102
20,164,15103
20,164,15104
20,164,15105
20,164,15106
20,164,15107
20,164,15108
20,164,15109
20,164,15110
20,164,15111
20,164,15112
20,164,15113
20,164,15114
20,164,15115
20,164,15323
20,164,15324
20,164,15325
20,164,15326
20,164,15327
20,164,15328
20,164,15329
20,164,15330
20,164,15331
20,164,15332
20,164,15333
20,164,15334
20,164,15335
20,164,15336
20,164,15337
20,164,15338
20,164,15339
20,164,15340
20,164,15341
20,164,15342
20,164,15343
20,164,15344
20,164,15345
20,164,15346
20,164,15347
20,164,15348
20,164,15349
20,164,15350
20,164,15351
20,164,15352
20,164,15353
20,164,15354
20,164,15355
20,164,15356
20,164,15357
20,164,15358
20,164,15359
20,164,15360
20,164,15361
20,164,15362
20,164,15363
20,164,15364
20,164,15365
20,164,15366
20,164,15367
20,164,15368
20,164,15369
20,164,15370
20,164,15371
20,164,15372
20,164,15373
20,164,15374
20,164,15375
20,164,15376
20,164,15377
20,164,15378
20,164,15379
20,164,15380
20,164,15381
20,164,15382
20,164,15383
20,164,15384
20,164,15385
20,164,15386
20,164,15387
20,164,15388
20,164,15389
20,164,15390
20,164,15391
23,164,15503
23,164,15504
23,164,15505
23,164,15506
23,164,15507
23,164,15508
23,164,15509
23,164,15510
23,164,15511
23,164,15512
23,164,15513
23,164,15514
23,164,15515
23,164,15516
23,164,15517
23,164,15518
23,164,15519
23,164,15520
23,164,15521
23,164,15522
23,164,15523
23,164,15524
23,164,15525
23,164,15526
23,164,15527
23,164,15528
23,164,15529
23,164,15530
23,164,15531
23,164,15532
23,164,15533
23,164,15534
23,164,15535
23,164,15536
23,164,15537
23,164,15538
23,164,15539
23,164,15651
23,164,15652
23,164,15653
23,164,15654
23,164,15655
23,164,15656
23,164,15657
23,164,15658
23,164,15659
23,164,15660
23,164,15661
23,164,15662
23,164,15663
23,164,15664
23,164,15665
23,164,15666
23,164,15667
23,164,15668
23,164,15669
23,164,15670
23,164,15671
23,164,15672
23,164,15673
23,164,15674
23,164,15675
23,164,15676
23,164,15677
23,164,15678
23,164,15679
23,164,15680
23,164,15681
23,164,15682
23,164,15683
23,164,15684
23,164,15685
23,164,15686
23,164,15687
25,164,15896
25,164,15897
25,164,15898
25,164,15899
25,164,15900
25,164,15901
25,164,15902
25,164,15903
25,164,15904
25,164,15905
25,164,15906
25,164,15907
25,164,15908
25,164,15909
25,164,15910
25,164,15911
25,164,15912
25,164,15913
25,164,15914
25,164,15915
25,164,15916
25,164,15917
25,164,15918
25,164,15919
25,164,15920
25,164,15921
25,164,15922
25,164,15923
25,164,15924
25,164,15925
25,164,15926
25,164,15927
25,164,15928
25,164,15929
25,164,15930
25,164,15931
25,164,15932
25,164,15933
25,164,15934
25,164,15935
25,164,15936
25,164,15937
25,164,15938
25,164,15939
25,164,15940
25,164,15941
25,164,15942
25,164,15943
25,164,15944
25,164,15945
25,164,15946
25,164,15947
25,164,15948
25,164,15949
25,164,15950
25,164,15951
25,164,15952
25,164,15953
25,164,15954
25,164,15955
25,164,15956
25,164,15957
25,164,15958
25,164,15959
25,164,15960
25,164,15961
25,164,15962
25,164,15963
25,164,15964
25,164,15965
25,164,15966
25,164,15967
25,164,16179
25,164,16180
25,164,16181
25,164,16182
25,164,16183
25,164,16184
25,164,16185
25,164,16186
25,164,16187
25,164,16188
25,164,16189
25,164,16190
25,164,16191
25,164,16192
25,164,16193
25,164,16194
25,164,16195
25,164,16196
25,164,16197
25,164,16198
25,164,16199
25,164,16200
25,164,16201
25,164,16202
25,164,16203
25,164,16204
25,164,16205
25,164,16206
25,164,16207
25,164,16208
25,164,16209
25,164,16210
25,164,16211
25,164,16212
25,164,16213
25,164,16214
25,164,16215
25,164,16216
25,164,16217
25,164,16218
25,164,16219
25,164,16220
25,164,16221
25,164,16222
25,164,16223
25,164,16224
25,164,16225
25,164,16226
25,164,16227
25,164,16228
25,164,16229
25,164,16230
25,164,16231
25,164,16232
25,164,16233
25,164,16234
25,164,16235
25,164,16236
25,164,16237
25,164,16238
25,164,16239
25,164,16240
25,164,16241
25,164,16242
25,164,16243
25,164,16244
25,164,16245
25,164,16246
25,164,16247
25,164,16248
25,164,16249
25,164,16250
25,164,16251
38,164,16394
38,164,16395
38,164,16396
38,164,16397
38,164,16398
38,164,16399
38,164,16400
38,164,16401
38,164,16402
38,164,16403
38,164,16404
38,164,16405
38,164,16406
38,164,16407
38,164,16408
38,164,16409
38,164,16410
38,164,16411
38,164,16412
38,164,16413
38,164,16414
38,164,16415
38,164,16416
38,164,16417
38,164,16418
38,164,16419
38,164,16420
38,164,16421
38,164,16422
38,164,16423
38,164,16424
38,164,16425
38,164,16426
38,164,16427
38,164,16428
38,164,16429
38,164,16430
38,164,16431
38,164,16432
38,164,16433
38,164,16434
38,164,16435
38,164,16436
38,164,16437
38,164,16438
38,164,16439
38,164,16440
38,164,16441
38,164,16585
38,164,16586
38,164,16587
38,164,16588
38,164,16589
38,164,16590
38,164,16591
38,164,16592
38,164,16593
38,164,16594
38,164,16595
38,164,16596
38,164,16597
38,164,16598
38,164,16599
38,164,16600
38,164,16601
38,164,16602
38,164,16603
38,164,16604
38,164,16605
38,164,16606
38,164,16607
38,164,16608
38,164,16609
38,164,16610
38,164,16611
38,164,16612
38,164,16613
38,164,16614
38,164,16615
38,164,16616
38,164,16617
38,164,16618
38,164,16619
38,164,16620
38,164,16621
38,164,16622
38,164,16623
38,164,16624
38,164,16625
38,164,16626
38,164,16627
38,164,16628
38,164,16629
38,164,16630
38,164,16631
38,164,16632
39,472,17071
39,472,17072
39,472,17073
39,472,17074
39,472,17075
39,472,17076
39,472,17077
39,472,17078
39,472,17079
39,472,17080
39,472,17081
39,472,17082
39,472,17083
39,472,17084
39,473,17085
39,473,17086
39,472,17522
39,472,17523
39,472,17524
39,472,17525
39,472,17526
39,472,17527
39,472,17528
39,472,17529
39,472,17530
39,472,17531
39,472,17532
39,472,17533
39,472,17534
39,472,17535
39,473,17536
39,473,17537
4,164,17870
4,164,17871
4,164,17872
4,164,17873
4,164,17874
4,164,17875
4,164,17876
4,164,17877
4,164,17878
4,164,17879
4,164,17880
4,164,17881
4,164,17882
4,164,17883
4,164,17884
4,164,17885
4,164,17886
4,164,17887
4,164,17888
4,164,17889
4,164,17890
4,164,17891
4,164,17892
4,164,17893
4,164,17894
4,164,17895
4,164,17896
4,164,17897
4,164,17898
4,164,17899
4,164,17900
4,164,17901
4,164,17902
4,164,17903
4,164,17904
4,164,17905
4,164,17906
4,164,17907
4,164,17908
4,164,17909
4,164,17910
4,164,17911
4,164,17912
4,164,17913
4,164,17914
4,164,17915
4,164,17916
4,164,17917
4,164,17918
4,164,17919
4,164,17920
4,164,17921
4,164,17922
4,164,17923
4,164,17924
4,164,17925
4,164,17926
4,164,17927
4,164,17928
4,164,17929
4,164,17930
4,164,17931
4,164,17932
4,164,17933
4,164,17934
4,164,17935
4,164,17936
4,164,17937
4,164,17938
4,164,17939
4,164,17940
4,164,17941
4,164,17942
4,164,17943
4,164,17944
4,164,17945
4,164,17946
4,164,17947
4,164,17948
4,164,17949
4,164,17950
4,164,17951
4,164,17952
4,164,18285
4,164,18286
4,164,18287
4,164,18288
4,164,18289
4,164,18290
4,164,18291
4,164,18292
4,164,18293
4,164,18294
4,164,18295
4,164,18296
4,164,18297
4,164,18298
4,164,18299
4,164,18300
4,164,18301
4,164,18302
4,164,18303
4,164,18304
4,164,18305
4,164,18306
4,164,18307
4,164,18308
4,164,18309
4,164,18310
4,164,18311
4,164,18312
4,164,18313
4,164,18314
4,164,18315
4,164,18316
4,164,18317
4,164,18318
4,164,18319
4,164,18320
4,164,18321
4,164,18322
4,164,18323
4,164,18324
4,164,18325
4,164,18326
4,164,18327
4,164,18328
4,164,18329
4,164,18330
4,164,18331
4,164,18332
4,164,18333
4,164,18334
4,164,18335
4,164,18336
4,164,18337
4,164,18338
4,164,18339
4,164,18340
4,164,18341
4,164,18342
4,164,18343
4,164,18344
4,164,18345
4,164,18346
4,164,18347
4,164,18348
4,164,18349
4,164,18350
4,164,18351
4,164,18352
4,164,18353
4,164,18354
4,164,18355
4,164,18356
4,164,18357
4,164,18358
4,164,18359
4,164,18360
4,164,18361
4,164,18362
4,164,18363
4,164,18364
4,164,18365
4,164,18366
4,164,18367
40,106,19035
40,106,19036
40,106,19037
40,106,19038
40,106,19039
40,106,19040
40,106,19041
40,106,19042
40,106,19043
40,106,19044
40,106,19045
40,106,19046
40,106,19047
40,106,19048
40,107,19049
40,107,19050
40,107,19051
40,107,19052
40,107,19053
40,107,19054
40,107,19055
40,107,19056
40,107,19057
40,107,19058
40,107,19059
40,107,19060
40,107,19061
40,108,19062
40,108,19063
40,108,19064
40,108,19065
40,108,19066
40,108,19067
40,108,19068
40,108,19069
40,108,19070
40,108,19071
40,108,19072
40,108,19073
40,108,19074
40,109,19075
40,109,19076
40,109,19077
40,109,19078
40,109,19079
40,109,19080
40,109,19081
40,109,19082
40,109,19083
40,109,19084
40,109,19085
40,109,19086
40,109,19087
40,109,19088
40,111,19089
40,112,19090
40,112,19091
40,112,19092
40,112,19093
40,112,19094
40,112,19095
40,112,19096
40,112,19097
40,112,19098
40,112,19099
40,112,19100
40,112,19101
40,112,19102
40,113,19103
40,113,19104
40,113,19105
40,113,19106
40,113,19107
40,113,19108
40,113,19109
40,113,19110
40,113,19111
40,113,19112
40,113,19113
40,113,19114
40,106,19778
40,106,19779
40,106,19780
40,106,19781
40,106,19782
40,106,19783
40,106,19784
40,106,19785
40,106,19786
40,106,19787
40,106,19788
40,106,19789
40,106,19790
40,106,19791
40,107,19792
40,107,19793
40,107,19794
40,107,19795
40,107,19796
40,107,19797
40,107,19798
40,107,19799
40,107,19800
40,107,19801
40,107,19802
40,107,19803
40,107,19804
40,108,19805
40,108,19806
40,108,19807
40,108,19808
40,108,19809
40,108,19810
40,108,19811
40,108,19812
40,108,19813
40,108,19814
40,108,19815
40,108,19816
40,108,19817
40,109,19818
40,109,19819
40,109,19820
40,109,19821
40,109,19822
40,109,19823
40,109,19824
40,109,19825
40,109,19826
40,109,19827
40,109,19828
40,109,19829
40,109,19830
40,109,19831
40,111,19832
40,112,19833
40,112,19834
40,112,19835
40,112,19836
40,112,19837
40,112,19838
40,112,19839
40,112,19840
40,112,19841
40,112,19842
40,112,19843
40,112,19844
40,112,19845
40,113,19846
40,113,19847
40,113,19848
40,113,19849
40,113,19850
40,113,19851
40,113,19852
40,113,19853
40,113,19854
40,113,19855
40,113,19856
40,113,19857
41,13,19933
41,13,19934
41,13,19935
41,13,19936
41,13,19937
41,13,19938
41,13,19939
41,13,19940
41,13,19941
41,13,19942
41,492,19943
41,493,19944
41,494,19945
41,14,19946
41,15,19947
41,15,19948
41,15,19949
41,15,19950
41,15,19951
41,15,19952
41,15,19953
41,16,19954
41,16,19955
41,16,19956
41,16,19957
41,13,20034
41,13,20035
41,13,20036
41,13,20037
41,13,20038
41,13,20039
41,13,20040
41,13,20041
41,13,20042
41,13,20043
41,492,20044
41,493,20045
41,494,20046
41,14,20047
41,15,20048
41,15,20049
41,15,20050
41,15,20051
41,15,20052
41,15,20053
41,15,20054
41,16,20055
41,16,20056
41,16,20057
41,16,20058
42,106,20917
42,106,20918
42,106,20919
42,106,20920
42,106,20921
42,106,20922
42,106,20923
42,106,20924
42,106,20925
42,106,20926
42,106,20927
42,106,20928
42,107,20929
42,107,20930
42,107,20931
42,107,20932
42,107,20933
42,107,20934
42,107,20935
42,107,20936
42,107,20937
42,107,20938
42,107,20939
42,108,20940
42,108,20941
42,108,20942
42,108,20943
42,108,20944
42,108,20945
42,108,20946
42,108,20947
42,108,20948
42,108,20949
42,108,20950
42,109,20951
42,109,20952
42,109,20953
42,109,20954
42,109,20955
42,109,20956
42,109,20957
42,109,20958
42,109,20959
42,109,20960
42,109,20961
42,109,20962
42,110,20963
42,111,20964
42,111,20965
42,112,20966
42,112,20967
42,112,20968
42,112,20969
42,112,20970
42,112,20971
42,112,20972
42,112,20973
42,112,20974
42,112,20975
42,112,20976
42,112,20977
42,113,20978
42,113,20979
42,113,20980
42,113,20981
42,113,20982
42,113,20983
42,113,20984
42,113,20985
42,113,20986
42,113,20987
42,113,20988
42,113,20989
42,113,20990
42,106,21850
42,106,21851
42,106,21852
42,106,21853
42,106,21854
42,106,21855
42,106,21856
42,106,21857
42,106,21858
42,106,21859
42,106,21860
42,106,21861
42,107,21862
42,107,21863
42,107,21864
42,107,21865
42,107,21866
42,107,21867
42,107,21868
42,107,21869
42,107,21870
42,107,21871
42,107,21872
42,108,21873
42,108,21874
42,108,21875
42,108,21876
42,108,21877
42,108,21878
42,108,21879
42,108,21880
42,108,21881
42,108,21882
42,108,21883
42,109,21884
42,109,21885
42,109,21886
42,109,21887
42,109,21888
42,109,21889
42,109,21890
42,109,21891
42,109,21892
42,109,21893
42,109,21894
42,109,21895
42,110,21896
42,111,21897
42,111,21898
42,112,21899
42,112,21900
42,112,21901
42,112,21902
42,112,21903
42,112,21904
42,112,21905
42,112,21906
42,112,21907
42,112,21908
42,112,21909
42,112,21910
42,113,21911
42,113,21912
42,113,21913
42,113,21914
42,113,21915
42,113,21916
42,113,21917
42,113,21918
42,113,21919
42,113,21920
42,113,21921
42,113,21922
42,113,21923
43,532,21951
43,533,21952
43,534,21953
43,535,21954
43,536,21955
43,532,21992
43,533,21993
43,550,21994
43,536,21995
46,588,22106
46,588,22107
46,588,22108
46,589,22109
46,589,22110
46,589,22111
46,589,22112
46,590,22113
46,590,22114
46,590,22115
46,591,22116
46,591,22117
46,591,22118
46,591,22119
46,592,22120
46,592,22121
46,588,22224
46,588,22225
46,588,22226
46,589,22227
46,589,22228
46,589,22229
46,589,22230
46,590,22231
46,590,22232
46,590,22233
46,591,22234
46,591,22235
46,591,22236
46,591,22237
46,592,22238
46,592,22239
48,635,22289
48,636,22290
48,636,22291
48,637,22292
48,638,22293
48,638,22294
48,639,22295
48,640,22296
48,648,22343
48,635,22344
48,635,22345
48,636,22346
48,637,22347
48,637,22348
48,638,22349
48,639,22350
48,638,22351
49,679,22401
49,679,22402
49,680,22403
49,681,22404
49,682,22405
49,682,22406
49,679,22456
49,679,22457
49,679,22458
49,682,22459
49,682,22460
5,164,22559
5,164,22560
5,164,22561
5,164,22562
5,164,22563
5,164,22564
5,164,22565
5,164,22566
5,164,22567
5,164,22568
5,164,22569
5,164,22570
5,164,22571
5,164,22572
5,164,22573
5,164,22574
5,164,22575
5,164,22576
5,164,22577
5,164,22578
5,164,22579
5,164,22580
5,164,22581
5,164,22582
5,164,22583
5,164,22584
5,164,22585
5,164,22586
5,164,22587
5,164,22588
5,164,22589
5,164,22590
5,164,22591
5,164,22592
5,164,22593
5,164,22594
5,164,22595
5,164,22596
5,164,22597
5,164,22598
5,164,22599
5,164,22600
5,164,22601
5,164,22602
5,164,22603
5,164,22604
5,164,22605
5,164,22606
5,164,22607
5,164,22608
5,164,22609
5,164,22610
5,164,22611
5,164,22612
5,164,22613
5,164,22676
5,164,22677
5,164,22678
5,164,22679
5,164,22680
5,164,22681
5,164,22682
5,164,22683
5,164,22684
5,164,22685
5,164,22686
5,164,22687
5,164,22688
5,164,22689
5,164,22690
5,164,22691
5,164,22692
5,164,22693
5,164,22694
5,164,22695
5,164,22696
5,164,22697
5,164,22698
5,164,22699
5,164,22700
5,164,22701
5,164,22702
5,164,22703
5,164,22704
5,164,22705
5,164,22706
5,164,22707
5,164,22708
5,164,22709
5,164,22710
5,164,22711
5,164,22712
5,164,22713
5,164,22714
5,164,22715
5,164,22716
5,164,22717
5,164,22718
5,164,22719
5,164,22720
5,164,22721
5,164,22722
5,164,22723
5,164,22724
5,164,22725
5,164,22726
5,164,22727
5,164,22728
5,164,22729
5,164,22730
51,709,22756
51,710,22757
51,711,22758
51,712,22759
51,713,22760
51,709,22786
51,710,22787
51,719,22788
51,711,22789
51,712,22790
52,753,22856
52,753,22857
52,753,22858
52,753,22859
52,753,22860
52,753,22861
52,754,22862
52,755,22863
52,756,22864
52,757,22865
52,758,22866
52,758,22867
52,758,22868
52,759,22869
52,759,22870
52,759,22871
52,759,22872
52,760,22873
52,760,22874
52,760,22875
52,760,22876
52,760,22877
52,760,22878
52,761,22879
52,762,22880
52,763,22881
52,764,22882
52,765,22883
52,765,22884
52,765,22885
52,766,22886
52,766,22887
52,766,22888
52,766,22889
52,753,22998
52,753,22999
52,753,23000
52,753,23001
52,753,23002
52,754,23003
52,753,23004
52,755,23005
52,756,23006
52,757,23007
52,758,23008
52,758,23009
52,758,23010
52,759,23011
52,759,23012
52,759,23013
52,759,23014
52,760,23015
52,760,23016
52,760,23017
52,760,23018
52,760,23019
52,761,23020
52,760,23021
52,762,23022
52,763,23023
52,764,23024
52,765,23025
52,765,23026
52,765,23027
52,766,23028
52,766,23029
52,766,23030
52,766,23031
53,826,23107
53,827,23108
53,828,23109
53,307,23110
53,308,23111
53,309,23112
53,310,23113
53,310,23114
53,827,23214
53,827,23215
53,828,23216
53,844,23217
53,307,23218
53,308,23219
53,309,23220
53,309,23221
53,310,23222
53,310,23223
53,845,23224
55,869,23261
55,869,23262
55,870,23263
55,871,23264
55,872,23265
55,873,23266
55,874,23267
55,875,23268
55,876,23269
55,881,23306
55,881,23307
55,881,23308
55,874,23309
55,874,23310
55,874,23311
55,875,23312
55,875,23313
55,875,23314
6,106,26559
6,106,26560
6,106,26561
6,106,26562
6,106,26563
6,106,26564
6,106,26565
6,106,26566
6,106,26567
6,106,26568
6,106,26569
6,106,26570
6,106,26571
6,106,26572
6,106,26573
6,106,26574
6,106,26575
6,106,26576
6,106,26577
6,106,26578
6,106,26579
6,106,26580
6,106,26581
6,106,26582
6,106,26583
6,106,26584
6,106,26585
6,106,26586
6,106,26587
6,106,26588
6,106,26589
6,106,26590
6,106,26591
6,106,26592
6,106,26593
6,106,26594
6,106,26595
6,106,26596
6,106,26597
6,106,26598
6,106,26599
6,106,26600
6,106,26601
6,106,26602
6,106,26603
6,106,26604
6,106,26605
6,106,26606
6,106,26607
6,106,26608
6,106,26609
6,106,26610
6,106,26611
6,106,26612
6,106,26613
6,106,26614
6,106,26615
6,106,26616
6,106,26617
6,106,26618
6,106,26619
6,107,26620
6,107,26621
6,107,26622
6,107,26623
6,107,26624
6,107,26625
6,107,26626
6,107,26627
6,107,26628
6,107,26629
6,107,26630
6,107,26631
6,107,26632
6,107,26633
6,107,26634
6,107,26635
6,107,26636
6,107,26637
6,107,26638
6,107,26639
6,107,26640
6,107,26641
6,107,26642
6,107,26643
6,107,26644
6,107,26645
6,107,26646
6,107,26647
6,107,26648
6,107,26649
6,107,26650
6,107,26651
6,107,26652
6,107,26653
6,107,26654
6,107,26655
6,107,26656
6,107,26657
6,108,26658
6,108,26659
6,108,26660
6,108,26661
6,108,26662
6,108,26663
6,108,26664
6,108,26665
6,108,26666
6,108,26667
6,108,26668
6,108,26669
6,108,26670
6,108,26671
6,108,26672
6,108,26673
6,108,26674
6,108,26675
6,108,26676
6,108,26677
6,108,26678
6,108,26679
6,108,26680
6,108,26681
6,108,26682
6,108,26683
6,108,26684
6,108,26685
6,108,26686
6,108,26687
6,108,26688
6,108,26689
6,108,26690
6,108,26691
6,108,26692
6,108,26693
6,108,26694
6,108,26695
6,108,26696
6,109,26697
6,109,26698
6,109,26699
6,109,26700
6,109,26701
6,109,26702
6,109,26703
6,109,26704
6,109,26705
6,109,26706
6,109,26707
6,109,26708
6,109,26709
6,109,26710
6,109,26711
6,109,26712
6,109,26713
6,109,26714
6,109,26715
6,109,26716
6,109,26717
6,109,26718
6,109,26719
6,109,26720
6,109,26721
6,109,26722
6,109,26723
6,109,26724
6,109,26725
6,109,26726
6,109,26727
6,109,26728
6,109,26729
6,109,26730
6,109,26731
6,109,26732
6,109,26733
6,109,26734
6,109,26735
6,109,26736
6,109,26737
6,109,26738
6,109,26739
6,109,26740
6,109,26741
6,109,26742
6,109,26743
6,109,26744
6,109,26745
6,109,26746
6,109,26747
6,109,26748
6,109,26749
6,109,26750
6,109,26751
6,109,26752
6,109,26753
6,109,26754
6,109,26755
6,109,26756
6,109,26757
6,109,26758
6,111,26759
6,111,26760
6,111,26761
6,112,26762
6,112,26763
6,112,26764
6,112,26765
6,112,26766
6,112,26767
6,112,26768
6,112,26769
6,112,26770
6,112,26771
6,112,26772
6,112,26773
6,112,26774
6,112,26775
6,112,26776
6,112,26777
6,112,26778
6,112,26779
6,112,26780
6,112,26781
6,112,26782
6,112,26783
6,112,26784
6,112,26785
6,112,26786
6,112,26787
6,112,26788
6,112,26789
6,112,26790
6,112,26791
6,112,26792
6,112,26793
6,112,26794
6,112,26795
6,112,26796
6,112,26797
6,112,26798
6,112,26799
6,112,26800
6,112,26801
6,112,26802
6,112,26803
6,112,26804
6,112,26805
6,112,26806
6,112,26807
6,112,26808
6,112,26809
6,112,26810
6,112,26811
6,112,26812
6,112,26813
6,113,26814
6,113,26815
6,113,26816
6,113,26817
6,113,26818
6,113,26819
6,113,26820
6,113,26821
6,113,26822
6,113,26823
6,113,26824
6,113,26825
6,113,26826
6,113,26827
6,113,26828
6,113,26829
6,113,26830
6,113,26831
6,113,26832
6,113,26833
6,113,26834
6,113,26835
6,113,26836
6,113,26837
6,113,26838
6,113,26839
6,113,26840
6,113,26841
6,113,26842
6,113,26843
6,113,26844
6,113,26845
6,113,26846
6,113,26847
6,113,26848
6,113,26849
6,113,26850
6,113,26851
6,113,26852
6,113,26853
6,113,26854
6,113,26855
6,113,26856
6,113,26857
6,113,26858
6,113,26859
6,113,26860
6,113,26861
6,113,26862
6,113,26863
6,113,26864
6,113,26865
6,106,30316
6,106,30317
6,106,30318
6,106,30319
6,106,30320
6,106,30321
6,106,30322
6,106,30323
6,106,30324
6,106,30325
6,106,30326
6,106,30327
6,106,30328
6,106,30329
6,106,30330
6,106,30331
6,106,30332
6,106,30333
6,106,30334
6,106,30335
6,106,30336
6,106,30337
6,106,30338
6,106,30339
6,106,30340
6,106,30341
6,106,30342
6,106,30343
6,106,30344
6,106,30345
6,106,30346
6,106,30347
6,106,30348
6,106,30349
6,106,30350
6,106,30351
6,106,30352
6,106,30353
6,106,30354
6,106,30355
6,106,30356
6,106,30357
6,106,30358
6,106,30359
6,106,30360
6,106,30361
6,106,30362
6,106,30363
6,106,30364
6,106,30365
6,106,30366
6,106,30367
6,106,30368
6,106,30369
6,106,30370
6,106,30371
6,106,30372
6,106,30373
6,106,30374
6,106,30375
6,107,30376
6,107,30377
6,107,30378
6,107,30379
6,107,30380
6,107,30381
6,107,30382
6,107,30383
6,107,30384
6,107,30385
6,107,30386
6,107,30387
6,107,30388
6,107,30389
6,107,30390
6,107,30391
6,107,30392
6,107,30393
6,107,30394
6,107,30395
6,107,30396
6,107,30397
6,107,30398
6,107,30399
6,107,30400
6,107,30401
6,107,30402
6,107,30403
6,107,30404
6,107,30405
6,107,30406
6,107,30407
6,107,30408
6,107,30409
6,107,30410
6,107,30411
6,107,30412
6,107,30413
6,108,30414
6,108,30415
6,108,30416
6,108,30417
6,108,30418
6,108,30419
6,108,30420
6,108,30421
6,108,30422
6,108,30423
6,108,30424
6,108,30425
6,108,30426
6,108,30427
6,108,30428
6,108,30429
6,108,30430
6,108,30431
6,108,30432
6,108,30433
6,108,30434
6,108,30435
6,108,30436
6,108,30437
6,108,30438
6,108,30439
6,108,30440
6,108,30441
6,108,30442
6,108,30443
6,108,30444
6,108,30445
6,108,30446
6,108,30447
6,108,30448
6,108,30449
6,108,30450
6,108,30451
6,108,30452
6,109,30453
6,109,30454
6,109,30455
6,109,30456
6,109,30457
6,109,30458
6,109,30459
6,109,30460
6,109,30461
6,109,30462
6,109,30463
6,109,30464
6,109,30465
6,109,30466
6,109,30467
6,109,30468
6,109,30469
6,109,30470
6,109,30471
6,109,30472
6,109,30473
6,109,30474
6,109,30475
6,109,30476
6,109,30477
6,109,30478
6,109,30479
6,109,30480
6,109,30481
6,109,30482
6,109,30483
6,109,30484
6,109,30485
6,109,30486
6,109,30487
6,109,30488
6,109,30489
6,109,30490
6,109,30491
6,109,30492
6,109,30493
6,109,30494
6,109,30495
6,109,30496
6,109,30497
6,109,30498
6,109,30499
6,109,30500
6,109,30501
6,109,30502
6,109,30503
6,109,30504
6,109,30505
6,109,30506
6,109,30507
6,109,30508
6,109,30509
6,109,30510
6,109,30511
6,109,30512
6,109,30513
6,111,30514
6,111,30515
6,111,30516
6,112,30517
6,112,30518
6,112,30519
6,112,30520
6,112,30521
6,112,30522
6,112,30523
6,112,30524
6,112,30525
6,112,30526
6,112,30527
6,112,30528
6,112,30529
6,112,30530
6,112,30531
6,112,30532
6,112,30533
6,112,30534
6,112,30535
6,112,30536
6,112,30537
6,112,30538
6,112,30539
6,112,30540
6,112,30541
6,112,30542
6,112,30543
6,112,30544
6,112,30545
6,112,30546
6,112,30547
6,112,30548
6,112,30549
6,112,30550
6,112,30551
6,112,30552
6,112,30553
6,112,30554
6,112,30555
6,112,30556
6,112,30557
6,112,30558
6,112,30559
6,112,30560
6,112,30561
6,112,30562
6,112,30563
6,112,30564
6,112,30565
6,112,30566
6,112,30567
6,112,30568
6,113,30569
6,113,30570
6,113,30571
6,113,30572
6,113,30573
6,113,30574
6,113,30575
6,113,30576
6,113,30577
6,113,30578
6,113,30579
6,113,30580
6,113,30581
6,113,30582
6,113,30583
6,113,30584
6,113,30585
6,113,30586
6,113,30587
6,113,30588
6,113,30589
6,113,30590
6,113,30591
6,113,30592
6,113,30593
6,113,30594
6,113,30595
6,113,30596
6,113,30597
6,113,30598
6,113,30599
6,113,30600
6,113,30601
6,113,30602
6,113,30603
6,113,30604
6,113,30605
6,113,30606
6,113,30607
6,113,30608
6,113,30609
6,113,30610
6,113,30611
6,113,30612
6,113,30613
6,113,30614
6,113,30615
6,113,30616
6,113,30617
6,113,30618
6,113,30619
6,113,30620
7,164,30953
7,164,30954
7,164,30955
7,164,30956
7,164,30957
7,164,30958
7,164,30959
7,164,30960
7,164,30961
7,164,30962
7,164,30963
7,164,30964
7,164,30965
7,164,30966
7,164,30967
7,164,30968
7,164,30969
7,164,30970
7,164,30971
7,164,30972
7,164,30973
7,164,30974
7,164,30975
7,164,30976
7,164,30977
7,164,30978
7,164,30979
7,164,30980
7,164,30981
7,164,30982
7,164,30983
7,164,30984
7,164,30985
7,164,30986
7,164,30987
7,164,30988
7,164,30989
7,164,30990
7,164,30991
7,164,30992
7,164,30993
7,164,30994
7,164,30995
7,164,30996
7,164,30997
7,164,30998
7,164,30999
7,164,31000
7,164,31001
7,164,31002
7,164,31003
7,164,31004
7,164,31005
7,164,31006
7,164,31007
7,164,31008
7,164,31009
7,164,31010
7,164,31011
7,164,31012
7,164,31013
7,164,31014
7,164,31015
7,164,31016
7,164,31017
7,164,31018
7,164,31019
7,164,31020
7,164,31021
7,164,31022
7,164,31023
7,164,31024
7,164,31025
7,164,31026
7,164,31027
7,164,31028
7,164,31029
7,164,31030
7,164,31031
7,164,31032
7,164,31033
7,164,31034
7,164,31035
7,164,31368
7,164,31369
7,164,31370
7,164,31371
7,164,31372
7,164,31373
7,164,31374
7,164,31375
7,164,31376
7,164,31377
7,164,31378
7,164,31379
7,164,31380
7,164,31381
7,164,31382
7,164,31383
7,164,31384
7,164,31385
7,164,31386
7,164,31387
7,164,31388
7,164,31389
7,164,31390
7,164,31391
7,164,31392
7,164,31393
7,164,31394
7,164,31395
7,164,31396
7,164,31397
7,164,31398
7,164,31399
7,164,31400
7,164,31401
7,164,31402
7,164,31403
7,164,31404
7,164,31405
7,164,31406
7,164,31407
7,164,31408
7,164,31409
7,164,31410
7,164,31411
7,164,31412
7,164,31413
7,164,31414
7,164,31415
7,164,31416
7,164,31417
7,164,31418
7,164,31419
7,164,31420
7,164,31421
7,164,31422
7,164,31423
7,164,31424
7,164,31425
7,164,31426
7,164,31427
7,164,31428
7,164,31429
7,164,31430
7,164,31431
7,164,31432
7,164,31433
7,164,31434
7,164,31435
7,164,31436
7,164,31437
7,164,31438
7,164,31439
7,164,31440
7,164,31441
7,164,31442
7,164,31443
7,164,31444
7,164,31445
7,164,31446
7,164,31447
7,164,31448
7,164,31449
7,164,31450
73,164,31479
73,164,31480
73,164,31481
73,164,31482
73,164,31483
73,164,31484
73,164,31485
73,164,31514
73,164,31515
73,164,31516
73,164,31517
73,164,31518
73,164,31519
73,164,31520
75,164,31555
75,164,31556
75,164,31557
75,164,31558
75,164,31559
75,164,31560
75,164,31561
75,164,31562
75,164,31563
75,164,31564
75,164,31565
75,164,31566
75,164,31567
75,164,31568
75,164,31569
75,164,31570
75,164,31571
75,164,31606
75,164,31607
75,164,31608
75,164,31609
75,164,31610
75,164,31611
75,164,31612
75,164,31613
75,164,31614
75,164,31615
75,164,31616
75,164,31617
75,164,31618
75,164,31619
75,164,31620
75,164,31621
75,164,31622
8,893,32092
8,893,32093
8,893,32094
8,893,32095
8,875,32096
8,875,32097
8,875,32098
8,875,32099
8,893,32129
8,893,32130
8,893,32131
8,893,32132
8,875,32133
8,875,32134
8,875,32135
8,875,32136
81,164,32439
81,164,32440
81,164,32441
81,164,32442
81,164,32443
81,164,32444
81,164,32445
81,164,32446
81,164,32447
81,164,32448
81,164,32449
81,164,32450
81,164,32451
81,164,32452
81,164,32453
81,164,32454
81,164,32455
81,164,32456
81,164,32457
81,164,32458
81,164,32459
81,164,32460
81,164,32461
81,164,32462
81,164,32463
81,164,32464
81,164,32465
81,164,32466
81,164,32467
81,164,32468
81,164,32469
81,164,32470
81,164,32471
81,164,32472
81,164,32473
81,164,32474
81,164,32475
81,164,32476
81,164,32477
81,164,32478
81,164,32479
81,164,32480
81,164,32481
81,164,32482
81,164,32483
81,164,32484
81,164,32787
81,164,32788
81,164,32789
81,164,32790
81,164,32791
81,164,32792
81,164,32793
81,164,32794
81,164,32795
81,164,32796
81,164,32797
81,164,32798
81,164,32799
81,164,32800
81,164,32801
81,164,32802
81,164,32803
81,164,32804
81,164,32805
81,164,32806
81,164,32807
81,164,32808
81,164,32809
81,164,32810
81,164,32811
81,164,32812
81,164,32813
81,164,32814
81,164,32815
81,164,32816
81,164,32817
81,164,32818
81,164,32819
81,164,32820
81,164,32821
81,164,32822
81,164,32823
81,164,32824
81,164,32825
81,164,32826
81,164,32827
81,164,32828
81,164,32829
81,164,32830
81,164,32831
83,13,32944
83,13,32945
83,13,32946
83,13,32947
83,13,32948
83,13,32949
83,13,32950
83,13,32951
83,13,32952
83,13,32953
83,13,32954
83,13,32955
83,13,32956
83,13,32957
83,13,32958
83,13,32959
83,13,32960
83,13,32961
83,13,32962
83,13,32963
83,15,32964
83,15,32965
83,15,32966
83,15,32967
83,15,32968
83,15,32969
83,15,32970
83,15,32971
83,15,32972
83,15,32973
83,15,32974
83,15,32975
83,15,32976
83,15,32977
83,15,32978
83,15,32979
83,15,32980
83,15,32981
83,15,32982
83,15,32983
83,16,32984
83,16,32985
83,16,32986
83,16,32987
83,16,32988
83,16,32989
83,16,32990
83,16,32991
83,16,32992
83,16,32993
83,16,32994
83,16,32995
83,16,32996
83,16,32997
83,16,32998
83,16,32999
83,13,33168
83,13,33169
83,13,33170
83,13,33171
83,13,33172
83,13,33173
83,13,33174
83,13,33175
83,13,33176
83,13,33177
83,13,33178
83,13,33179
83,13,33180
83,13,33181
83,13,33182
83,13,33183
83,13,33184
83,13,33185
83,13,33186
83,13,33187
83,15,33188
83,15,33189
83,15,33190
83,15,33191
83,15,33192
83,15,33193
83,15,33194
83,15,33195
83,15,33196
83,15,33197
83,15,33198
83,15,33199
83,15,33200
83,15,33201
83,15,33202
83,15,33203
83,15,33204
83,15,33205
83,15,33206
83,15,33207
83,16,33208
83,16,33209
83,16,33210
83,16,33211
83,16,33212
83,16,33213
83,16,33214
83,16,33215
83,16,33216
83,16,33217
83,16,33218
83,16,33219
83,16,33220
83,16,33221
83,16,33222
83,16,33223
85,899,33234
85,900,33235
85,899,33246
85,900,33247
9,901,33361
9,901,33362
9,901,33363
9,901,33364
9,901,33365
9,901,33366
9,901,33367
9,901,33368
9,901,33369
9,901,33370
9,901,33371
9,901,33372
9,901,33373
9,901,33374
9,901,33375
9,901,33376
9,901,33377
9,901,33378
9,901,33379
9,901,33380
9,901,33381
9,901,33382
9,901,33383
9,901,33384
9,901,33385
9,901,33386
9,901,33387
9,901,33388
9,901,33389
9,901,33390
9,901,33391
9,901,33392
9,901,33393
9,901,33394
9,254,33395
9,254,33396
9,254,33397
9,254,33398
9,254,33399
9,254,33400
9,254,33401
9,254,33402
9,254,33403
9,254,33404
9,254,33405
9,254,33406
9,254,33407
9,254,33408
9,254,33409
9,254,33410
9,254,33411
9,254,33412
9,254,33413
9,254,33414
9,254,33415
9,254,33416
9,254,33417
9,254,33418
9,254,33419
9,254,33420
9,254,33421
9,254,33422
9,254,33423
9,254,33424
9,254,33425
9,254,33426
9,254,33427
9,254,33428
9,901,33542
9,901,33543
9,901,33544
9,901,33545
9,901,33546
9,901,33547
9,901,33548
9,901,33549
9,901,33550
9,901,33551
9,901,33552
9,901,33553
9,901,33554
9,901,33555
9,901,33556
9,901,33557
9,901,33558
9,901,33559
9,901,33560
9,901,33561
9,901,33562
9,901,33563
9,901,33564
9,901,33565
9,901,33566
9,901,33567
9,901,33568
9,901,33569
9,901,33570
9,901,33571
9,901,33572
9,901,33573
9,901,33574
9,254,33575
9,254,33576
9,254,33577
9,254,33578
9,254,33579
9,254,33580
9,254,33581
9,254,33582
9,254,33583
9,254,33584
9,254,33585
9,254,33586
9,254,33587
9,254,33588
9,254,33589
9,254,33590
9,254,33591
9,254,33592
9,254,33593
9,254,33594
9,254,33595
9,254,33596
9,254,33597
9,254,33598
9,254,33599
9,254,33600
9,254,33601
9,254,33602
9,254,33603
9,254,33604
9,254,33605
9,254,33606
9,254,33607
