service_id,monday,tuesday,wednesday,thursday,friday,saturday,sunday,start_date,end_date
1,1,1,1,1,1,0,0,20161010,20171231
2,0,0,0,0,1,0,0,20161010,20171231
3,0,0,0,0,0,1,0,20161010,20171231
4,0,0,0,0,0,0,1,20161010,20171231
5,1,1,1,1,1,0,0,20180101,20181231
6,0,0,0,0,1,0,0,20180101,20181231
7,0,0,0,0,0,1,0,20180101,20181231
8,0,0,0,0,0,0,1,20180101,20181231
9,1,1,1,1,1,0,0,20190101,20191231
10,0,0,0,0,1,0,0,20190101,20191231
11,0,0,0,0,0,1,0,20190101,20191231
12,0,0,0,0,0,0,1,20190101,20191231
13,1,1,1,1,1,0,0,20200101,20201231
14,0,0,0,0,1,0,0,20200101,20201231
15,0,0,0,0,0,1,0,20200101,20201231
16,0,0,0,0,0,0,1,20200101,20201231
17,1,1,1,1,1,1,1,20151101,20160417
18,1,1,1,1,1,0,0,20151101,20160417
19,0,0,0,0,0,1,1,20151101,20160417
20,1,1,1,1,1,0,1,20151101,20160417
21,0,0,0,0,0,1,0,20151101,20160417
22,0,0,0,0,0,0,1,20151101,20160417
23,1,1,1,1,1,1,0,20151101,20160417
24,1,1,1,1,0,0,0,20160418,20160531
25,0,0,0,0,1,0,0,20160418,20160531
26,0,0,0,0,0,1,0,20160418,20160531
27,0,0,0,0,0,0,1,20160418,20160531
28,1,1,1,1,1,0,0,20160601,20160831
29,1,1,1,1,0,0,0,20160601,20160831
30,0,0,0,0,1,0,0,20160601,20160831
31,0,0,0,0,0,1,1,20160601,20160831
32,0,0,0,0,0,1,0,20160601,20160831
33,0,0,0,0,0,0,1,20160601,20160831
34,1,1,1,1,0,0,0,20160901,20161030
35,0,0,0,0,1,0,0,20160901,20161030
36,0,0,0,0,0,1,0,20160901,20161030
37,0,0,0,0,0,0,1,20160901,20161030
38,1,1,1,1,0,0,0,20160901,20171231
39,0,0,0,0,1,0,0,20160901,20171231
40,0,0,0,0,0,1,0,20160901,20171231
41,0,0,0,0,0,0,1,20160901,20171231
42,1,1,1,1,1,0,0,20170201,20170416
43,0,0,0,0,0,1,0,20170201,20170416
44,0,0,0,0,0,0,1,20170201,20170416
45,1,1,1,1,1,0,0,20170417,20170531
46,1,1,1,1,0,0,0,20170417,20170531
47,0,0,0,0,1,0,0,20170417,20170531
48,0,0,0,0,0,1,0,20170417,20170531
49,0,0,0,0,0,0,1,20170417,20170531
50,1,1,1,1,1,0,0,20170601,20170831
51,1,1,1,1,0,0,0,20170601,20170831
52,0,0,0,0,1,0,0,20170601,20170831
53,0,0,0,0,0,1,0,20170601,20170831
54,0,0,0,0,0,0,1,20170601,20170831
55,1,1,1,1,1,0,0,20170901,20171031
56,1,1,1,1,0,0,0,20170901,20171031
57,0,0,0,0,1,0,0,20170901,20171031
58,0,0,0,0,0,1,0,20170901,20171031
59,0,0,0,0,0,0,1,20170901,20171031
60,1,1,1,1,1,0,0,20171031,20171231
61,0,0,0,0,0,1,0,20171031,20171231
62,0,0,0,0,0,0,1,20171031,20171231
63,1,1,1,1,1,0,0,20180101,20180415
64,0,0,0,0,0,1,0,20180101,20180415
65,0,0,0,0,0,0,1,20180101,20180415
66,1,1,1,1,1,0,0,20180416,20180531
67,1,1,1,1,0,0,0,20180416,20180531
68,0,0,0,0,1,0,0,20180416,20180531
69,0,0,0,0,0,1,0,20180416,20180531
70,0,0,0,0,0,0,1,20180416,20180531
71,1,1,1,1,1,0,0,20180601,20180831
72,1,1,1,1,0,0,0,20180601,20180831
73,0,0,0,0,1,0,0,20180601,20180831
74,0,0,0,0,0,1,0,20180601,20180831
75,0,0,0,0,0,0,1,20180601,20180831
76,1,1,1,1,1,0,0,20180901,20181030
77,1,1,1,1,0,0,0,20180901,20181030
78,0,0,0,0,1,0,0,20180901,20181030
79,0,0,0,0,0,1,0,20180901,20181030
80,0,0,0,0,0,0,1,20180901,20181030
81,1,1,1,1,1,0,0,20181031,20181231
82,0,0,0,0,0,1,0,20181031,20181231
83,0,0,0,0,0,0,1,20181031,20181231
84,1,1,1,1,1,0,0,20190101,20190414
85,0,0,0,0,0,1,0,20190101,20190414
86,0,0,0,0,0,0,1,20190101,20190414
87,1,1,1,1,1,0,0,20190415,20190531
88,1,1,1,1,0,0,0,20190415,20190531
89,0,0,0,0,1,0,0,20190415,20190531
90,0,0,0,0,0,1,0,20190415,20190531
91,0,0,0,0,0,0,1,20190415,20190531
92,1,1,1,1,1,0,0,20190601,20190831
93,1,1,1,1,0,0,0,20190601,20190831
94,0,0,0,0,1,0,0,20190601,20190831
95,0,0,0,0,0,1,0,20190601,20190831
96,0,0,0,0,0,0,1,20190601,20190831
97,1,1,1,1,1,0,0,20190901,20191031
98,1,1,1,1,0,0,0,20190901,20191031
99,0,0,0,0,1,0,0,20190901,20191031
100,0,0,0,0,0,1,0,20190901,20191031
101,0,0,0,0,0,0,1,20190901,20191031
102,1,1,1,1,1,0,0,20191101,20191231
103,0,0,0,0,0,1,0,20191101,20191231
104,0,0,0,0,0,0,1,20191101,20191231
105,1,1,1,1,1,1,1,20200101,20200416
106,1,1,1,1,1,0,0,20200101,20200416
107,0,0,0,0,0,1,0,20200101,20200416
108,0,0,0,0,0,0,1,20200101,20200416
109,1,1,1,1,1,1,1,20170610,20170731
110,1,1,1,1,1,1,1,20190501,20190531
111,0,0,0,0,0,1,1,20190501,20190531
112,1,1,1,1,1,1,1,20190601,20190623
113,0,0,0,0,0,1,1,20190601,20190623
114,1,1,1,1,1,1,1,20190624,20190811
115,1,1,1,1,1,1,1,20190812,20190831
116,0,0,0,0,0,1,1,20190812,20190831
117,1,1,1,1,1,1,1,20190901,20190930
118,0,1,1,1,1,1,1,20190608,20190811
119,0,0,0,0,0,1,1,20190817,20190901
120,1,1,1,1,1,1,1,20190601,20190831
121,0,0,0,0,0,1,1,20190601,20190620
122,0,0,0,0,0,0,1,20190601,20190620
123,0,0,0,0,0,1,0,20190601,20190620
124,0,1,0,0,0,0,0,20190621,20190811
125,0,0,1,1,1,0,0,20190621,20190811
126,0,0,0,0,1,0,0,20190621,20190811
127,0,0,0,0,0,1,1,20190621,20190811
128,0,0,0,0,0,1,0,20190621,20190811
129,0,0,0,0,0,1,1,20190812,20190901
130,0,0,0,0,0,0,1,20190812,20190901
131,0,0,0,0,0,1,0,20190812,20190901
132,0,0,0,0,0,1,1,20190902,20190929
133,0,0,0,0,1,0,0,20190510,20190531
134,0,0,0,0,0,1,1,20190510,20190531
135,1,1,1,1,1,1,1,20190601,20190811
136,0,0,0,0,1,0,0,20190812,20190901
137,0,0,0,0,1,0,0,20190902,20190915
138,0,0,0,0,0,1,1,20190902,20190915
139,0,1,1,1,1,1,1,20190606,20190811
140,0,0,0,0,0,1,0,20191102,20191102
141,1,1,1,1,1,0,0,20150101,20161231
142,1,1,1,1,1,1,0,20150101,20161231
143,1,1,1,1,1,1,1,20150101,20161231
144,0,0,0,0,1,1,0,20150101,20161231
145,1,1,1,1,1,0,0,20150101,20171231
146,1,1,1,1,1,1,0,20150101,20171231
147,1,1,1,1,1,1,1,20150101,20171231
148,0,0,0,0,1,1,0,20150101,20171231
149,1,1,1,1,1,1,1,20170101,20171231
150,1,1,1,1,1,1,0,20170101,20171231
151,1,1,1,1,1,0,0,20170101,20171231
152,0,0,0,0,1,1,0,20170101,20171231
153,1,1,1,1,1,1,1,20180101,20181231
154,1,1,1,1,1,1,0,20180101,20181231
155,0,0,0,0,1,1,0,20180101,20181231
156,1,1,1,1,1,1,1,20190101,20191231
157,1,1,1,1,1,1,0,20190101,20191231
158,0,0,0,0,1,1,0,20190101,20191231
159,1,1,1,1,1,1,1,20200101,20201231
160,1,1,1,1,1,1,0,20200101,20201231
161,0,0,0,0,1,1,0,20200101,20201231
162,0,0,0,0,1,0,0,20170101,20171231
163,0,0,0,0,0,1,0,20170101,20171231
164,1,1,1,1,1,1,1,20190501,20190502
165,1,1,1,1,1,1,0,20190501,20190502
166,0,0,0,0,1,0,0,20190501,20190502
167,0,0,0,0,0,1,0,20190501,20190502
168,0,0,0,0,0,0,1,20190501,20190502
169,1,1,1,1,1,1,1,20190503,20190517
170,1,1,1,1,1,1,0,20190503,20190517
171,0,0,0,0,1,0,0,20190503,20190517
172,0,0,0,0,0,1,0,20190503,20190517
173,0,0,0,0,0,0,1,20190503,20190517
174,1,1,1,1,1,1,1,20190518,20190818
175,0,0,0,0,0,1,1,20190819,20190820
176,0,0,0,0,0,1,1,20190822,20190901
177,0,0,0,0,0,1,1,20190902,20190906
178,0,0,0,0,0,1,1,20190907,20190915
179,0,0,0,0,0,1,1,20190916,20190930
180,1,1,1,1,1,1,1,20190902,20190906
181,1,1,1,1,1,1,1,20190907,20190916
182,1,1,1,1,1,1,1,20190629,20190811
183,1,1,1,1,1,1,1,20190821,20190821
184,1,1,1,1,1,1,0,20190518,20190818
185,1,1,1,1,1,0,0,20190518,20190818
186,0,0,0,0,1,0,0,20190518,20190818
187,0,0,0,0,0,1,0,20190518,20190818
188,0,0,0,0,0,0,1,20190518,20190818
189,1,1,1,1,1,1,1,20190819,20190820
190,1,1,1,1,1,1,0,20190819,20190820
191,1,1,1,1,1,0,0,20190819,20190820
192,0,0,0,0,1,0,0,20190819,20190820
193,0,0,0,0,0,1,0,20190819,20190820
194,0,0,0,0,0,0,1,20190819,20190820
195,1,1,1,1,1,1,1,20190822,20190901
196,1,1,1,1,1,1,0,20190822,20190901
197,1,1,1,1,1,0,0,20190822,20190901
198,0,0,0,0,1,0,0,20190822,20190901
199,0,0,0,0,0,1,0,20190822,20190901
200,0,0,0,0,0,0,1,20190822,20190901
201,1,1,1,1,1,1,1,20190902,20190915
202,1,1,1,1,1,1,0,20190902,20190915
203,1,1,1,1,1,0,0,20190902,20190915
204,1,1,1,1,1,1,0,20190916,20190930
205,1,1,1,1,1,0,0,20190916,20190930
206,0,1,0,0,0,0,0,20190916,20190930
207,0,0,1,1,1,0,0,20190916,20190930
208,0,0,0,0,0,1,0,20190916,20190930
209,1,1,1,1,1,0,0,20190514,20190914
210,1,1,1,1,1,1,0,20190502,20190531
211,1,1,1,1,1,1,0,20190601,20190831
212,1,1,1,1,1,1,0,20190901,20190926
213,1,1,1,1,1,1,1,20190429,20190510
214,0,0,0,0,0,1,1,20190429,20190510
215,1,1,1,1,1,1,1,20190511,20190929
216,1,1,1,1,1,1,1,20190502,20190915
217,1,1,1,1,1,1,0,20190502,20190915
218,0,0,0,0,0,0,1,20190502,20190915
219,1,1,1,1,1,1,1,20190916,20190930
220,1,1,1,1,1,1,1,20190511,20190901
221,1,1,1,1,1,1,1,20190907,20190908
222,1,1,1,1,1,1,1,20160919,20191231
223,1,1,1,1,1,1,1,20200101,20211231
224,1,1,1,1,1,1,1,20190615,20190811
225,0,0,0,0,0,1,1,20190901,20190930
226,0,0,0,0,0,1,1,20190531,20190616
227,0,0,1,1,1,0,0,20190620,20190729
228,0,0,0,0,0,1,1,20190620,20190729
229,0,0,0,0,0,1,1,20190802,20190901
230,0,0,1,0,0,0,0,20190510,20190616
231,0,0,0,0,0,1,0,20190510,20190616
232,0,0,0,0,0,0,1,20190510,20190616
233,0,0,0,0,1,0,0,20190510,20190616
234,0,1,0,0,0,0,0,20190618,20190804
235,0,0,1,0,0,0,0,20190618,20190804
236,0,0,0,1,0,0,0,20190618,20190804
237,0,0,0,0,1,0,0,20190618,20190804
238,0,0,0,0,0,1,1,20190618,20190804
239,0,0,1,0,0,0,0,20190807,20190915
240,0,0,0,0,0,1,0,20190807,20190915
241,0,0,0,0,0,0,1,20190807,20190915
242,0,0,0,0,1,0,0,20190807,20190915
243,0,0,0,1,0,0,0,20190608,20190810
244,0,0,0,0,1,0,0,20190608,20190810
245,0,0,0,0,0,1,0,20190608,20190810
246,0,0,0,0,0,1,0,20190811,20190831
247,1,1,1,1,1,1,1,20161010,20171231
248,1,1,1,1,1,1,1,20180101,20200220
249,1,1,1,1,1,1,1,20200221,20201231
250,1,1,1,1,1,0,0,20160809,20170531
251,0,0,0,0,0,1,1,20160809,20170531
252,0,0,0,0,0,1,1,20170101,20171231
253,1,1,1,1,1,0,0,20180101,20200131
254,0,0,0,0,0,1,1,20180101,20200131
255,1,1,1,1,1,0,0,20200201,20201231
256,0,0,0,0,0,1,1,20200201,20201231
257,1,1,1,1,1,0,0,20160101,20171231
258,1,1,0,0,0,0,0,20160101,20171231
259,1,0,1,0,1,0,0,20160101,20171231
260,0,0,1,0,0,0,0,20160101,20171231
261,0,0,0,1,0,0,0,20160101,20171231
262,0,0,0,0,1,0,0,20160101,20171231
263,0,0,0,0,0,1,0,20160101,20171231
264,0,0,0,0,0,0,1,20160101,20171231
265,1,1,0,0,0,0,0,20170101,20171231
266,1,0,1,0,1,0,0,20170101,20171231
267,0,0,1,0,0,0,0,20170101,20171231
268,0,0,0,1,0,0,0,20170101,20171231
269,0,0,0,0,0,0,1,20170101,20171231
270,1,1,0,0,0,0,0,20180101,20181231
271,1,0,1,0,1,0,0,20180101,20181231
272,0,0,1,0,0,0,0,20180101,20181231
273,0,0,0,1,0,0,0,20180101,20181231
274,1,1,1,1,1,0,0,20190101,20190430
275,1,1,0,0,0,0,0,20190101,20190430
276,1,0,1,0,1,0,0,20190101,20190430
277,0,0,1,0,0,0,0,20190101,20190430
278,0,0,0,1,0,0,0,20190101,20190430
279,0,0,0,0,1,0,0,20190101,20190430
280,0,0,0,0,0,1,0,20190101,20190430
281,0,0,0,0,0,0,1,20190101,20190430
282,1,1,1,1,1,0,0,20190501,20190930
283,1,1,0,0,0,0,0,20190501,20190930
284,1,0,1,0,1,0,0,20190501,20190930
285,0,0,1,0,0,0,0,20190501,20190930
286,0,0,0,1,0,0,0,20190501,20190930
287,0,0,0,0,1,0,0,20190501,20190930
288,0,0,0,0,0,1,0,20190501,20190930
289,0,0,0,0,0,0,1,20190501,20190930
290,1,1,1,1,1,0,0,20191001,20191231
291,1,1,0,0,0,0,0,20191001,20191231
292,1,0,1,0,1,0,0,20191001,20191231
293,0,0,1,0,0,0,0,20191001,20191231
294,0,0,0,1,0,0,0,20191001,20191231
295,0,0,0,0,1,0,0,20191001,20191231
296,0,0,0,0,0,1,0,20191001,20191231
297,0,0,0,0,0,0,1,20191001,20191231
298,1,1,1,1,1,0,0,20200101,20200430
299,1,1,0,0,0,0,0,20200101,20200430
300,1,0,1,0,1,0,0,20200101,20200430
301,0,0,1,0,0,0,0,20200101,20200430
302,0,0,0,1,0,0,0,20200101,20200430
303,0,0,0,0,1,0,0,20200101,20200430
304,0,0,0,0,0,1,0,20200101,20200430
305,0,0,0,0,0,0,1,20200101,20200430
306,1,1,1,1,1,0,0,20151001,20160417
307,1,1,1,1,1,1,0,20151001,20160417
308,0,1,0,1,0,0,0,20151001,20160417
309,1,0,1,0,1,1,0,20151001,20160417
310,1,1,1,1,1,1,1,20151001,20160417
311,1,0,1,0,1,0,0,20151001,20160417
312,0,0,0,0,0,0,1,20151001,20160417
313,1,1,1,1,1,1,1,20160418,20160620
314,1,1,1,1,1,1,0,20160418,20160620
315,1,1,1,1,1,0,1,20160418,20160620
316,1,1,1,1,1,0,0,20160418,20160620
317,1,0,1,0,1,0,0,20160418,20160620
318,0,1,0,1,0,0,0,20160418,20160620
319,0,0,0,0,0,1,0,20160418,20160620
320,0,0,0,0,0,0,1,20160418,20160620
321,1,1,1,1,1,0,0,20160621,20160815
322,1,0,1,0,1,0,0,20160621,20160815
323,0,0,0,0,0,1,0,20160621,20160815
324,0,0,0,0,0,0,1,20160621,20160815
325,0,1,0,1,0,0,0,20160621,20160815
326,1,1,1,1,1,1,1,20160816,20161231
327,1,1,1,1,1,1,0,20160816,20161231
328,1,1,1,1,1,0,1,20160816,20161231
329,1,1,1,1,1,0,0,20160816,20161231
330,1,0,1,0,1,0,0,20160816,20161231
331,0,1,0,1,0,0,0,20160816,20161231
332,0,0,0,0,0,1,0,20160816,20161231
333,0,0,0,0,0,0,1,20160816,20161231
334,1,1,1,1,1,1,1,20160816,20170618
335,1,1,1,1,1,1,0,20160816,20170618
336,1,1,1,1,1,0,0,20160816,20170618
337,1,0,1,0,1,0,0,20160816,20170618
338,0,1,0,1,0,0,0,20160816,20170618
339,0,0,0,0,0,1,0,20160816,20170618
340,0,0,0,0,0,0,1,20160816,20170618
341,1,1,1,1,1,0,0,20170619,20170815
342,1,0,1,0,1,0,0,20170619,20170815
343,0,0,0,0,0,1,0,20170619,20170815
344,0,0,0,0,0,0,1,20170619,20170815
345,0,1,0,1,0,0,0,20170619,20170815
346,1,1,1,1,1,1,1,20170816,20171231
347,1,1,1,1,1,1,0,20170816,20171231
348,1,1,1,1,1,0,0,20170816,20171231
349,1,0,1,0,1,0,0,20170816,20171231
350,0,1,0,1,0,0,0,20170816,20171231
351,0,0,0,0,0,1,0,20170816,20171231
352,0,0,0,0,0,0,1,20170816,20171231
353,1,1,1,1,1,1,1,20180101,20180618
354,1,1,1,1,1,1,0,20180101,20180618
355,1,1,1,1,1,0,0,20180101,20180618
356,1,0,1,0,1,0,0,20180101,20180618
357,0,1,0,1,0,0,0,20180101,20180618
358,0,0,0,0,0,1,0,20180101,20180618
359,0,0,0,0,0,0,1,20180101,20180618
360,1,1,1,1,1,0,0,20180619,20180814
361,1,0,1,0,1,0,0,20180619,20180814
362,0,1,0,1,0,0,0,20180619,20180814
363,0,0,0,0,0,1,0,20180619,20180814
364,0,0,0,0,0,0,1,20180619,20180814
365,1,1,1,1,1,0,0,20180815,20181231
366,1,0,1,0,1,0,0,20180815,20181231
367,0,1,0,1,0,0,0,20180815,20181231
368,0,0,0,0,0,1,0,20180815,20181231
369,0,0,0,0,0,0,1,20180815,20181231
370,1,1,1,1,1,0,0,20190101,20190616
371,1,0,1,0,1,0,0,20190101,20190616
372,0,1,0,1,0,0,0,20190101,20190616
373,0,0,0,0,0,1,0,20190101,20190616
374,0,0,0,0,0,0,1,20190101,20190616
375,1,1,1,1,1,1,1,20190617,20190811
376,1,1,1,1,1,1,0,20190617,20190811
377,1,1,1,1,1,0,0,20190617,20190811
378,0,0,0,0,0,0,1,20190617,20190811
379,1,1,1,1,1,0,0,20190812,20191231
380,1,0,1,0,1,0,0,20190812,20191231
381,0,1,0,1,0,0,0,20190812,20191231
382,0,0,0,0,0,1,0,20190812,20191231
383,0,0,0,0,0,0,1,20190812,20191231
384,1,1,1,1,1,0,0,20200101,20200614
385,1,0,1,0,1,0,0,20200101,20200614
386,0,1,0,1,0,0,0,20200101,20200614
387,0,0,0,0,0,1,0,20200101,20200614
388,0,0,0,0,0,0,1,20200101,20200614
389,0,0,0,0,0,1,1,20161010,20171231
390,0,0,0,0,0,1,1,20180101,20181231
391,0,0,0,0,0,1,1,20190101,20191231
392,0,0,0,0,0,1,1,20200101,20201231
393,1,1,1,1,1,1,1,20141001,20161231
394,1,1,1,1,1,1,1,20141001,20171231
395,1,1,1,1,1,1,1,20160919,20161231
396,1,1,1,1,1,0,0,20160919,20161231
397,1,1,1,1,1,1,1,20160919,20170523
398,1,1,1,1,1,0,0,20160919,20170523
399,1,1,1,1,1,1,1,20170524,20170622
400,1,1,1,1,1,0,0,20170524,20170622
401,0,0,0,0,1,0,0,20170524,20170622
402,0,0,0,0,0,1,1,20170524,20170622
403,1,1,1,1,1,1,1,20170623,20170813
404,1,1,1,1,1,0,0,20170623,20170813
405,1,1,1,1,1,1,1,20170814,20170910
406,1,1,1,1,1,0,0,20170814,20170910
407,0,0,0,0,1,0,0,20170814,20170910
408,0,0,0,0,0,1,1,20170814,20170910
409,1,1,1,1,1,1,1,20170911,20171012
410,1,1,1,1,1,0,0,20170911,20171012
411,1,1,1,1,1,1,1,20171016,20171231
412,1,1,1,1,1,0,0,20171016,20171231
413,0,0,0,0,0,1,1,20171016,20171231
414,1,1,1,1,1,1,1,20180101,20180607
415,1,1,1,1,1,0,0,20180101,20180607
416,0,0,0,0,0,1,1,20180101,20180607
417,1,1,1,1,1,1,1,20180608,20180621
418,1,1,1,1,1,0,0,20180608,20180621
419,0,0,0,0,1,0,0,20180608,20180621
420,0,0,0,0,0,1,1,20180608,20180621
421,1,1,1,1,1,1,1,20180622,20180812
422,1,1,1,1,1,0,0,20180622,20180812
423,1,1,1,1,1,1,1,20180803,20180923
424,1,1,1,1,1,0,0,20180803,20180923
425,0,0,0,0,1,0,0,20180803,20180923
426,0,0,0,0,0,1,1,20180803,20180923
427,1,1,1,1,1,1,1,20180813,20180923
428,1,1,1,1,1,0,0,20180813,20180923
429,0,0,0,0,1,0,0,20180813,20180923
430,0,0,0,0,0,1,1,20180813,20180923
431,1,1,1,1,1,1,1,20180924,20181231
432,1,1,1,1,1,0,0,20180924,20181231
433,0,0,0,0,0,1,1,20180924,20181231
434,1,1,1,1,1,1,1,20190101,20190131
435,1,1,1,1,1,0,0,20190101,20190131
436,0,0,0,0,0,1,1,20190101,20190131
437,1,1,1,1,1,0,0,20190201,20190228
438,0,0,0,0,0,1,0,20190201,20190228
439,0,0,0,0,0,0,1,20190201,20190228
440,1,1,1,1,1,1,1,20190301,20190602
441,1,1,1,1,1,0,0,20190301,20190602
442,0,0,0,0,0,1,1,20190301,20190602
443,1,1,1,1,1,1,1,20190603,20190619
444,1,1,1,1,1,0,0,20190603,20190619
445,0,0,0,0,1,0,0,20190603,20190619
446,0,0,0,0,0,1,1,20190603,20190619
447,1,1,1,1,1,1,1,20190620,20190811
448,1,1,1,1,1,0,0,20190620,20190811
449,1,1,1,1,1,1,1,20190812,20190901
450,1,1,1,1,1,0,0,20190812,20190901
451,1,1,1,1,0,0,0,20190812,20190901
452,1,1,1,1,1,1,1,20190902,20190922
453,1,1,1,1,1,0,0,20190902,20190922
454,0,0,0,0,1,0,0,20190902,20190922
455,0,0,0,0,0,1,1,20190902,20190922
456,1,1,1,1,1,1,1,20190923,20191231
457,1,1,1,1,1,0,0,20190923,20191231
458,0,0,0,0,0,1,1,20190923,20191231
459,1,1,1,1,1,1,1,20200101,20200604
460,1,1,1,1,1,0,0,20200101,20200604
461,0,0,0,0,0,1,1,20170623,20170813
462,1,1,1,1,1,0,0,20170213,20170430
463,0,0,0,0,0,1,0,20170213,20170430
464,0,0,0,0,0,0,1,20170213,20170430
465,1,1,1,1,1,0,0,20170428,20170531
466,0,0,0,0,1,0,0,20170428,20170531
467,0,0,0,0,0,1,0,20170428,20170531
468,0,0,0,0,0,0,1,20170428,20170531
469,1,1,1,1,1,0,0,20170901,20171030
470,0,0,0,0,1,0,0,20170901,20171030
471,0,0,0,0,0,1,0,20170901,20171030
472,0,0,0,0,0,0,1,20170901,20171030
473,1,1,0,0,0,0,0,20161010,20171231
474,0,0,1,0,0,0,0,20161010,20171231
475,0,0,0,1,0,0,0,20161010,20171231
476,1,1,0,0,0,0,0,20190101,20191231
477,0,0,1,0,0,0,0,20190101,20191231
478,0,0,0,1,0,0,0,20190101,20191231
479,1,1,0,0,0,0,0,20200101,20201231
480,0,0,1,0,0,0,0,20200101,20201231
481,0,0,0,1,0,0,0,20200101,20201231
482,1,1,1,1,1,0,0,20170213,20170331
483,0,0,0,0,0,1,0,20170213,20170331
484,0,0,0,0,0,0,1,20170213,20170331
485,1,1,1,1,1,0,0,20170401,20170412
486,0,0,0,0,0,1,0,20170401,20170412
487,0,0,0,0,0,0,1,20170401,20170412
488,1,1,1,1,1,0,0,20170401,20170430
489,0,0,0,0,0,1,0,20170401,20170430
490,0,0,0,0,0,0,1,20170401,20170430
491,1,1,1,1,0,0,0,20170428,20170531
492,1,1,1,1,0,0,0,20170901,20171030
493,1,1,1,1,1,0,0,20160815,20170604
494,1,1,1,1,0,0,0,20160815,20170604
495,0,1,0,0,0,0,0,20160815,20170604
496,0,0,1,0,0,0,0,20160815,20170604
497,0,0,0,0,1,0,0,20160815,20170604
498,1,0,0,0,0,0,0,20170605,20170813
499,0,1,1,0,0,0,0,20170605,20170813
500,0,1,0,0,0,0,0,20170605,20170813
501,0,0,1,1,1,0,0,20170605,20170813
502,0,0,0,0,0,0,1,20170605,20170813
503,1,1,1,1,1,0,0,20170814,20180604
504,1,1,1,1,0,0,0,20170814,20180604
505,0,1,0,0,0,0,0,20170814,20180604
506,0,0,1,0,0,0,0,20170814,20180604
507,0,0,0,0,1,0,0,20170814,20180604
508,0,1,1,0,0,0,0,20180602,20180812
509,0,0,0,0,1,0,0,20180602,20180812
510,0,0,0,0,0,0,1,20180602,20180812
511,1,1,1,1,1,0,0,20180813,20190604
512,1,1,1,1,0,0,0,20180813,20190604
513,0,1,0,0,0,0,0,20180813,20190604
514,0,0,1,0,0,0,0,20180813,20190604
515,0,0,0,0,1,0,0,20180813,20190604
516,0,1,1,0,0,0,0,20190602,20190809
517,0,0,0,0,1,0,0,20190602,20190809
518,0,0,0,0,0,0,1,20190602,20190809
519,1,1,1,1,1,0,0,20190810,20200530
520,1,1,1,1,0,0,0,20190810,20200530
521,0,1,0,0,0,0,0,20190810,20200530
522,0,0,1,0,0,0,0,20190810,20200530
523,0,0,0,0,1,0,0,20190810,20200530
524,0,1,1,0,0,0,0,20160815,20170604
525,0,0,0,1,0,0,0,20170605,20170813
526,0,0,0,0,1,0,0,20170605,20170813
527,0,1,1,0,0,0,0,20170814,20180604
528,1,0,0,0,0,0,0,20180602,20180812
529,0,1,0,0,0,0,0,20180602,20180812
530,0,0,1,1,1,0,0,20180602,20180812
531,0,0,0,1,0,0,0,20180602,20180812
532,0,1,1,0,0,0,0,20180813,20190604
533,1,0,0,0,0,0,0,20190602,20190809
534,0,1,0,0,0,0,0,20190602,20190809
535,0,0,1,1,1,0,0,20190602,20190809
536,0,0,0,1,0,0,0,20190602,20190809
537,0,1,1,0,0,0,0,20190810,20200530
538,1,0,0,0,0,0,0,20160815,20170531
539,0,0,1,0,0,0,0,20160815,20170531
540,0,0,0,0,1,0,0,20160815,20170531
541,1,0,1,0,1,0,0,20160815,20170531
542,1,0,1,0,1,0,0,20170401,20170531
543,1,0,1,0,1,0,0,20170814,20171231
544,1,0,1,0,1,0,0,20180101,20180513
545,1,0,0,0,0,0,0,20161001,20170430
546,0,1,1,0,0,0,0,20161001,20170430
547,0,1,0,0,0,0,0,20161001,20170430
548,0,0,0,1,0,0,0,20161001,20170430
549,0,0,0,0,1,0,0,20161001,20170430
550,0,0,0,0,0,0,1,20161001,20170430
551,1,0,1,0,1,0,0,20170501,20170930
552,1,0,1,0,0,0,0,20170501,20170930
553,1,0,0,0,0,0,0,20170501,20170930
554,0,1,0,0,0,0,0,20170501,20170930
555,0,0,1,0,0,0,0,20170501,20170930
556,0,0,0,1,0,0,0,20170501,20170930
557,0,0,0,0,1,0,0,20170501,20170930
558,0,0,0,0,0,1,0,20170501,20170930
559,0,0,0,0,0,0,1,20170501,20170930
560,1,0,0,0,0,0,0,20171101,20180430
561,0,1,0,0,0,0,0,20171101,20180430
562,0,0,0,1,0,0,0,20171101,20180430
563,0,0,0,0,1,0,0,20171101,20180430
564,0,0,0,0,0,1,0,20171101,20180430
565,0,0,0,0,0,0,1,20171101,20180430
566,1,0,0,0,0,0,0,20181001,20190430
567,0,1,0,0,0,0,0,20181001,20190430
568,0,0,0,1,0,0,0,20181001,20190430
569,0,0,0,0,1,0,0,20181001,20190430
570,0,0,0,0,0,1,0,20181001,20190430
571,0,0,0,0,0,0,1,20181001,20190430
572,1,0,1,0,0,0,0,20190501,20190930
573,1,0,0,0,0,0,0,20190501,20190930
574,0,1,0,0,0,0,0,20190501,20190930
575,1,0,0,0,0,0,0,20191001,20200430
576,0,1,0,0,0,0,0,20191001,20200430
577,0,0,0,1,0,0,0,20191001,20200430
578,0,0,0,0,1,0,0,20191001,20200430
579,0,0,0,0,0,0,1,20191001,20200430
580,1,1,1,1,1,0,0,20170501,20170930
581,0,0,1,1,1,0,0,20170501,20170930
582,0,0,1,1,0,0,0,20190501,20190930
583,0,1,0,0,0,0,0,20160905,20170518
584,0,0,1,0,0,0,0,20160905,20170518
585,0,0,0,1,0,0,0,20160905,20170518
586,0,0,0,0,1,0,0,20160905,20170518
587,0,0,0,0,0,1,0,20160905,20170518
588,0,0,0,0,0,0,1,20160905,20170518
589,1,0,1,0,1,0,0,20170519,20170903
590,0,1,0,1,0,0,0,20170519,20170903
591,0,0,0,0,1,0,0,20170519,20170903
592,0,0,0,0,0,1,0,20170519,20170903
593,0,0,0,0,0,0,1,20170519,20170903
594,0,1,0,0,0,0,0,20170904,20171001
595,0,0,1,0,0,0,0,20170904,20171001
596,0,0,0,1,0,0,0,20170904,20171001
597,0,0,0,0,1,0,0,20170904,20171001
598,0,0,0,0,0,1,0,20170904,20171001
599,0,0,0,0,0,0,1,20170904,20171001
600,0,1,0,0,0,0,0,20171002,20180517
601,0,0,1,0,0,0,0,20171002,20180517
602,0,0,0,1,0,0,0,20171002,20180517
603,0,0,0,0,1,0,0,20171002,20180517
604,0,0,0,0,0,1,0,20171002,20180517
605,0,0,0,0,0,0,1,20171002,20180517
606,1,0,1,0,1,0,0,20180518,20180902
607,0,1,0,1,0,0,0,20180518,20180902
608,0,0,0,0,1,0,0,20180518,20180902
609,0,0,0,0,0,1,0,20180518,20180902
610,0,0,0,0,0,0,1,20180518,20180902
611,0,1,0,0,0,0,0,20180903,20190516
612,0,0,1,0,0,0,0,20180903,20190516
613,0,0,0,1,0,0,0,20180903,20190516
614,0,0,0,0,1,0,0,20180903,20190516
615,0,0,0,0,0,1,0,20180903,20190516
616,0,0,0,0,0,0,1,20180903,20190516
617,1,0,1,0,1,0,0,20190517,20190901
618,0,1,0,1,0,0,0,20190517,20190901
619,0,0,0,0,1,0,0,20190517,20190901
620,0,0,0,0,0,1,0,20190517,20190901
621,0,0,0,0,0,0,1,20190517,20190901
622,0,1,0,0,0,0,0,20190902,20200514
623,0,0,1,0,0,0,0,20190902,20200514
624,0,0,0,1,0,0,0,20190902,20200514
625,0,0,0,0,1,0,0,20190902,20200514
626,0,0,0,0,0,1,0,20190902,20200514
627,0,0,0,0,0,0,1,20190902,20200514
628,1,0,0,0,0,0,0,20160905,20170518
629,1,1,1,1,1,1,0,20170519,20170903
630,1,0,0,0,0,0,0,20170904,20171001
631,1,0,0,0,0,0,0,20171002,20180517
632,1,1,1,1,1,1,0,20180518,20180902
633,1,0,0,0,0,0,0,20180903,20190516
634,1,1,1,1,1,1,0,20190517,20190901
635,1,0,0,0,0,0,0,20190902,20200514
636,1,1,1,1,1,1,1,20170401,20170531
637,1,1,1,1,1,0,0,20170401,20170531
638,0,0,0,0,0,1,1,20170401,20170531
639,0,0,0,0,0,1,1,20170601,20170831
640,1,1,1,1,1,1,1,20170601,20170831
641,1,1,1,1,1,1,1,20170901,20171031
642,0,0,0,0,0,1,1,20170901,20171031
643,1,1,1,1,1,0,0,20171101,20180318
644,1,1,1,1,0,0,0,20171101,20180318
645,0,0,0,0,1,0,0,20171101,20180318
646,0,0,0,0,0,1,1,20171101,20180318
647,1,1,1,1,1,1,1,20180601,20180831
648,1,0,1,0,1,0,0,20180601,20180831
649,0,1,0,1,0,0,0,20180601,20180831
650,0,0,0,0,0,1,1,20180601,20180831
651,1,1,1,1,1,1,1,20180901,20181031
652,1,1,1,1,1,0,0,20180901,20181031
653,0,0,0,0,0,1,1,20180901,20181031
654,1,1,1,1,1,0,0,20181101,20190331
655,1,1,1,1,0,0,0,20181101,20190331
656,0,0,0,0,1,0,0,20181101,20190331
657,0,0,0,0,0,1,1,20181101,20190331
658,1,1,1,1,1,1,1,20190601,20190812
659,1,1,1,1,1,0,0,20190601,20190812
660,1,0,1,0,1,0,0,20190601,20190812
661,0,1,0,1,0,0,0,20190601,20190812
662,0,0,0,0,0,1,1,20190601,20190812
663,1,1,1,1,1,1,1,20190813,20191031
664,1,1,1,1,1,0,0,20190813,20191031
665,0,0,0,0,0,1,1,20190813,20191031
666,1,1,1,1,1,0,0,20191101,20200331
667,1,1,1,1,0,0,0,20191101,20200331
668,0,0,0,0,1,0,0,20191101,20200331
669,0,0,0,0,0,1,1,20191101,20200331
670,1,1,1,1,0,0,0,20170401,20170531
671,0,0,0,0,1,0,0,20170401,20170531
672,1,1,1,1,1,1,1,20170601,20191231
673,1,0,0,0,0,0,0,20160809,20170531
674,0,0,1,0,0,0,0,20160809,20170531
675,0,0,0,0,1,0,0,20160809,20170531
676,0,0,0,0,0,1,0,20160809,20170531
677,0,0,0,0,0,0,1,20160809,20170531
678,1,1,0,0,0,0,0,20170601,20170807
679,0,0,1,0,0,0,0,20170601,20170807
680,0,0,0,0,1,0,0,20170601,20170807
681,0,0,0,0,0,1,0,20170601,20170807
682,0,0,0,0,0,0,1,20170601,20170807
683,1,0,0,0,0,0,0,20170808,20180531
684,0,0,1,0,0,0,0,20170808,20180531
685,0,0,0,0,1,0,0,20170808,20180531
686,0,0,0,0,0,1,0,20170808,20180531
687,0,0,0,0,0,0,1,20170808,20180531
688,1,0,0,0,0,0,0,20190101,20190609
689,0,0,1,0,0,0,0,20190101,20190609
690,0,0,0,0,1,0,0,20190101,20190609
691,0,0,0,0,0,1,0,20190101,20190609
692,0,0,0,0,0,0,1,20190101,20190609
693,1,1,0,0,0,0,0,20190610,20190831
694,0,0,1,0,0,0,0,20190610,20190831
695,0,0,0,0,1,0,0,20190610,20190831
696,0,0,0,0,0,1,0,20190610,20190831
697,0,0,0,0,0,0,1,20190610,20190831
698,1,0,0,0,0,0,0,20190901,20200605
699,0,0,1,0,0,0,0,20190901,20200605
700,0,0,0,0,1,0,0,20190901,20200605
701,0,0,0,0,0,1,0,20190901,20200605
702,0,0,0,0,0,0,1,20190901,20200605
703,0,0,0,1,0,0,0,20160809,20170531
704,0,0,0,1,0,0,0,20170601,20170807
705,0,0,0,1,0,0,0,20170808,20180531
706,0,0,0,1,0,0,0,20190101,20190609
707,0,0,0,1,0,0,0,20190610,20190831
708,0,0,0,1,0,0,0,20190901,20200605
709,1,1,1,1,1,0,0,20160901,20170531
710,1,1,1,1,1,0,0,20170901,20180531
711,1,1,0,0,0,0,0,20170901,20180531
712,0,0,1,0,0,0,0,20170901,20180531
713,0,0,0,1,0,0,0,20170901,20180531
714,1,1,1,1,1,1,1,20180601,20180902
715,1,1,1,1,1,1,0,20180601,20180902
716,1,1,1,1,1,0,0,20180601,20180902
717,1,1,0,0,0,0,0,20180601,20180902
718,1,0,0,0,0,0,0,20180601,20180902
719,0,1,1,0,0,0,0,20180601,20180902
720,0,0,1,0,0,0,0,20180601,20180902
721,0,0,0,1,0,0,0,20180601,20180902
722,0,0,0,0,1,0,0,20180601,20180902
723,0,0,0,0,0,1,1,20180601,20180902
724,0,0,0,0,0,1,0,20180601,20180902
725,0,0,0,0,0,0,1,20180601,20180902
726,1,1,1,1,1,0,0,20180903,20190531
727,1,1,0,0,0,0,0,20180903,20190531
728,0,0,1,0,0,0,0,20180903,20190531
729,0,0,0,1,0,0,0,20180903,20190531
730,0,0,0,0,1,0,0,20180903,20190531
731,0,0,0,0,0,1,0,20180903,20190531
732,0,0,0,0,0,0,1,20180903,20190531
733,1,1,1,1,1,1,1,20190601,20190901
734,1,1,1,1,1,1,0,20190601,20190901
735,1,1,1,1,1,0,0,20190601,20190901
736,1,1,0,0,0,0,0,20190601,20190901
737,0,0,1,0,0,0,0,20190601,20190901
738,0,0,0,1,0,0,0,20190601,20190901
739,0,0,0,0,1,0,0,20190601,20190901
740,0,0,0,0,0,1,1,20190601,20190901
741,0,0,0,0,0,0,1,20190601,20190901
742,1,1,1,1,1,0,0,20190902,20200430
743,1,1,0,0,0,0,0,20190902,20200430
744,0,0,1,0,0,0,0,20190902,20200430
745,0,0,0,1,0,0,0,20190902,20200430
746,0,0,0,0,1,0,0,20190902,20200430
747,0,0,0,0,0,1,0,20190902,20200430
748,0,0,0,0,0,0,1,20190902,20200430
749,1,1,0,0,0,0,0,20160901,20170531
750,0,0,1,0,0,0,0,20160901,20170531
751,0,0,0,1,0,0,0,20160901,20170531
752,0,0,0,0,1,0,0,20160901,20170531
753,0,0,0,0,0,1,0,20160901,20170531
754,0,0,0,0,0,0,1,20160901,20170531
755,1,1,1,1,1,1,0,20170601,20170831
756,1,1,0,0,0,0,0,20170601,20170831
757,0,0,1,0,0,0,0,20170601,20170831
758,0,0,0,1,0,0,0,20170601,20170831
759,0,0,0,0,1,0,0,20170901,20180531
760,0,0,0,0,0,1,0,20170901,20180531
761,0,0,0,0,0,0,1,20170901,20180531
762,1,1,1,1,1,1,0,20161010,20171231
763,1,0,0,0,0,0,0,20161010,20171231
764,0,1,1,0,0,0,0,20161010,20171231
765,1,1,1,1,1,1,0,20170501,20170930
766,0,1,1,0,0,0,0,20170501,20170930
767,1,1,1,1,1,1,0,20171001,20171231
768,1,0,0,0,0,0,0,20171001,20171231
769,0,1,1,0,0,0,0,20171001,20171231
770,0,0,0,1,0,0,0,20171001,20171231
771,0,0,0,0,1,0,0,20171001,20171231
772,0,0,0,0,0,1,0,20171001,20171231
773,0,0,0,0,0,0,1,20171001,20171231
774,1,1,1,1,1,1,0,20180101,20180531
775,1,0,0,0,0,0,0,20180101,20180531
776,0,1,1,0,0,0,0,20180101,20180531
777,0,0,0,1,0,0,0,20180101,20180531
778,0,0,0,0,1,0,0,20180101,20180531
779,0,0,0,0,0,1,0,20180101,20180531
780,0,0,0,0,0,0,1,20180101,20180531
781,1,1,1,1,1,1,0,20180501,20180930
782,1,0,0,0,0,0,0,20180501,20180930
783,0,1,1,0,0,0,0,20180501,20180930
784,0,0,0,1,0,0,0,20180501,20180930
785,0,0,0,0,1,0,0,20180501,20180930
786,0,0,0,0,0,1,0,20180501,20180930
787,0,0,0,0,0,0,1,20180501,20180930
788,1,1,1,1,1,1,0,20181001,20181231
789,1,0,0,0,0,0,0,20181001,20181231
790,0,1,1,0,0,0,0,20181001,20181231
791,0,0,0,1,0,0,0,20181001,20181231
792,0,0,0,0,1,0,0,20181001,20181231
793,0,0,0,0,0,1,0,20181001,20181231
794,0,0,0,0,0,0,1,20181001,20181231
795,1,1,1,1,1,1,0,20190101,20190430
796,1,0,0,0,0,0,0,20190101,20190430
797,0,1,1,0,0,0,0,20190101,20190430
798,1,1,1,1,1,1,1,20190801,20190930
799,1,0,0,0,0,0,0,20190801,20190930
800,0,1,1,0,0,0,0,20190801,20190930
801,0,0,0,1,0,0,0,20190801,20190930
802,0,0,0,0,1,0,0,20190801,20190930
803,0,0,0,0,0,1,0,20190801,20190930
804,0,0,0,0,0,0,1,20190801,20190930
805,1,1,1,1,1,1,0,20191001,20191231
806,1,0,0,0,0,0,0,20191001,20191231
807,0,1,1,0,0,0,0,20191001,20191231
808,1,1,1,1,1,1,0,20200101,20200430
809,1,0,0,0,0,0,0,20200101,20200430
810,0,1,1,0,0,0,0,20200101,20200430
811,0,1,0,0,0,0,0,20161010,20171231
812,0,0,1,1,1,0,0,20161010,20171231
813,0,0,1,1,1,0,0,20171001,20171231
814,0,1,0,0,0,0,0,20171001,20171231
815,0,0,1,1,1,0,0,20180101,20180531
816,0,1,0,0,0,0,0,20180101,20180531
817,1,1,1,1,1,0,0,20180501,20180930
818,0,0,1,1,1,0,0,20181001,20181231
819,0,1,0,0,0,0,0,20181001,20181231
820,0,0,1,1,1,0,0,20190101,20190430
821,0,1,0,0,0,0,0,20190101,20190430
822,1,1,1,1,1,0,0,20190801,20190930
823,0,0,0,0,0,1,1,20190801,20190930
824,0,0,1,1,1,0,0,20191001,20191231
825,0,1,0,0,0,0,0,20191001,20191231
826,0,0,1,1,1,0,0,20200101,20200430
827,0,1,0,0,0,0,0,20200101,20200430
828,1,1,1,1,1,1,1,20160520,20160904
829,1,0,0,0,0,0,0,20160520,20160904
830,0,0,1,0,0,0,0,20160520,20160904
831,0,0,0,1,0,0,0,20160520,20160904
832,0,0,0,0,1,0,0,20160520,20160904
833,0,0,0,0,0,1,0,20160520,20160904
834,0,0,0,0,0,0,1,20160520,20160904
835,0,1,0,0,0,0,0,20160520,20160904
836,1,1,1,1,1,1,1,20170519,20170903
837,1,0,0,0,0,0,0,20170519,20170903
838,0,0,1,0,0,0,0,20170519,20170903
839,0,0,0,1,0,0,0,20170519,20170903
840,0,1,0,0,0,0,0,20170519,20170903
841,1,1,1,1,1,1,1,20180518,20180902
842,1,0,0,0,0,0,0,20180518,20180902
843,0,0,1,0,0,0,0,20180518,20180902
844,0,0,0,1,0,0,0,20180518,20180902
845,0,1,0,0,0,0,0,20180518,20180902
846,1,1,1,1,1,1,1,20190517,20190901
847,1,0,0,0,0,0,0,20190517,20190901
848,0,0,1,0,0,0,0,20190517,20190901
849,0,0,0,1,0,0,0,20190517,20190901
850,0,1,0,0,0,0,0,20190517,20190901
851,1,1,1,1,1,0,0,20160520,20160904
852,1,1,1,1,1,0,0,20170519,20170903
853,1,1,1,1,1,0,0,20180518,20180902
854,1,1,1,1,1,0,0,20190517,20190901
855,1,1,1,1,1,1,1,20160601,20160831
856,0,0,0,0,1,0,0,20170201,20170416
857,1,1,1,1,1,0,0,20200417,20200531
858,0,0,0,0,1,0,0,20200417,20200531
859,0,0,0,0,0,1,0,20200417,20200531
860,0,0,0,0,0,0,1,20200417,20200531
861,1,1,1,1,1,1,1,20170904,20171231
862,1,1,1,1,1,1,0,20160527,20160831
863,0,0,0,0,0,0,1,20160527,20160831
864,1,1,1,1,1,1,0,20170525,20170827
865,0,0,0,0,0,0,1,20170525,20170827
866,1,1,1,1,1,1,0,20180525,20180826
867,0,0,0,0,0,0,1,20180525,20180826
868,1,1,1,1,1,1,0,20190531,20190901
869,0,0,0,0,0,0,1,20190531,20190901
870,1,1,1,1,0,0,0,20161010,20171231
871,1,1,1,1,1,1,1,20171001,20180430
872,1,1,1,1,1,1,1,20180501,20181231
873,1,1,1,1,1,1,1,20180622,20180623
874,1,1,1,1,1,0,0,20180622,20180623
875,1,1,1,1,1,1,1,20200101,20200220
876,1,1,1,1,0,0,0,20161010,20171031
877,0,0,0,0,1,0,0,20161010,20171031
878,0,0,0,0,0,1,0,20161010,20171031
879,0,0,0,0,0,0,1,20161010,20171031
880,1,1,1,1,1,1,1,20161010,20171031
881,1,1,1,1,0,0,0,20161001,20170331
882,1,1,1,1,1,0,0,20161001,20170331
883,0,0,0,0,0,1,1,20161001,20170331
884,1,1,1,1,1,1,1,20161001,20170331
885,0,0,0,0,0,1,0,20161001,20170331
886,0,0,0,0,0,0,1,20161001,20170331
