service_id,monday,tuesday,wednesday,thursday,friday,saturday,sunday,start_date,end_date
1,1,1,1,1,1,0,0,20161010,20171231
2,0,0,0,0,1,0,0,20161010,20171231
3,0,0,0,0,0,1,0,20161010,20171231
4,0,0,0,0,0,0,1,20161010,20171231
5,1,1,1,1,1,0,0,20180101,20181231
6,0,0,0,0,1,0,0,20180101,20181231
7,0,0,0,0,0,1,0,20180101,20181231
8,0,0,0,0,0,0,1,20180101,20181231
9,1,1,1,1,1,0,0,20190101,20191231
10,0,0,0,0,1,0,0,20190101,20191231
11,0,0,0,0,0,1,0,20190101,20191231
12,0,0,0,0,0,0,1,20190101,20191231
13,1,1,1,1,1,0,0,20200101,20201231
14,0,0,0,0,1,0,0,20200101,20201231
15,0,0,0,0,0,1,0,20200101,20201231
16,0,0,0,0,0,0,1,20200101,20201231
17,1,1,1,1,1,1,1,20151101,20160417
18,1,1,1,1,1,0,0,20151101,20160417
19,0,0,0,0,0,1,1,20151101,20160417
20,1,1,1,1,1,0,1,20151101,20160417
21,0,0,0,0,0,1,0,20151101,20160417
22,0,0,0,0,0,0,1,20151101,20160417
23,1,1,1,1,1,1,0,20151101,20160417
24,1,1,1,1,0,0,0,20160418,20160531
25,0,0,0,0,1,0,0,20160418,20160531
26,0,0,0,0,0,1,0,20160418,20160531
27,0,0,0,0,0,0,1,20160418,20160531
28,1,1,1,1,1,0,0,20160601,20160831
29,1,1,1,1,0,0,0,20160601,20160831
30,0,0,0,0,1,0,0,20160601,20160831
31,0,0,0,0,0,1,1,20160601,20160831
32,0,0,0,0,0,1,0,20160601,20160831
33,0,0,0,0,0,0,1,20160601,20160831
34,1,1,1,1,0,0,0,20160901,20161030
35,0,0,0,0,1,0,0,20160901,20161030
36,0,0,0,0,0,1,0,20160901,20161030
37,0,0,0,0,0,0,1,20160901,20161030
38,1,1,1,1,0,0,0,20160901,20171231
39,0,0,0,0,1,0,0,20160901,20171231
40,0,0,0,0,0,1,0,20160901,20171231
41,0,0,0,0,0,0,1,20160901,20171231
42,1,1,1,1,1,0,0,20170201,20170416
43,0,0,0,0,0,1,0,20170201,20170416
44,0,0,0,0,0,0,1,20170201,20170416
45,1,1,1,1,1,0,0,20170417,20170531
46,1,1,1,1,0,0,0,20170417,20170531
47,0,0,0,0,1,0,0,20170417,20170531
48,0,0,0,0,0,1,0,20170417,20170531
49,0,0,0,0,0,0,1,20170417,20170531
50,1,1,1,1,1,0,0,20170601,20170831
51,1,1,1,1,0,0,0,20170601,20170831
52,0,0,0,0,1,0,0,20170601,20170831
53,0,0,0,0,0,1,0,20170601,20170831
54,0,0,0,0,0,0,1,20170601,20170831
55,1,1,1,1,1,0,0,20170901,20171031
56,1,1,1,1,0,0,0,20170901,20171031
57,0,0,0,0,1,0,0,20170901,20171031
58,0,0,0,0,0,1,0,20170901,20171031
59,0,0,0,0,0,0,1,20170901,20171031
60,1,1,1,1,1,0,0,20171031,20171231
61,0,0,0,0,0,1,0,20171031,20171231
62,0,0,0,0,0,0,1,20171031,20171231
63,1,1,1,1,1,0,0,20180101,20180415
64,0,0,0,0,0,1,0,20180101,20180415
65,0,0,0,0,0,0,1,20180101,20180415
66,1,1,1,1,1,0,0,20180416,20180531
67,1,1,1,1,0,0,0,20180416,20180531
68,0,0,0,0,1,0,0,20180416,20180531
69,0,0,0,0,0,1,0,20180416,20180531
70,0,0,0,0,0,0,1,20180416,20180531
71,1,1,1,1,1,0,0,20180601,20180831
72,1,1,1,1,0,0,0,20180601,20180831
73,0,0,0,0,1,0,0,20180601,20180831
74,0,0,0,0,0,1,0,20180601,20180831
75,0,0,0,0,0,0,1,20180601,20180831
76,1,1,1,1,1,0,0,20180901,20181030
77,1,1,1,1,0,0,0,20180901,20181030
78,0,0,0,0,1,0,0,20180901,20181030
79,0,0,0,0,0,1,0,20180901,20181030
80,0,0,0,0,0,0,1,20180901,20181030
81,1,1,1,1,1,0,0,20181031,20181231
82,0,0,0,0,0,1,0,20181031,20181231
83,0,0,0,0,0,0,1,20181031,20181231
84,1,1,1,1,1,0,0,20190101,20190414
85,0,0,0,0,0,1,0,20190101,20190414
86,0,0,0,0,0,0,1,20190101,20190414
87,1,1,1,1,1,0,0,20190415,20190531
88,1,1,1,1,0,0,0,20190415,20190531
89,0,0,0,0,1,0,0,20190415,20190531
90,0,0,0,0,0,1,0,20190415,20190531
91,0,0,0,0,0,0,1,20190415,20190531
92,1,1,1,1,1,0,0,20190601,20190831
93,1,1,1,1,0,0,0,20190601,20190831
94,0,0,0,0,1,0,0,20190601,20190831
95,0,0,0,0,0,1,0,20190601,20190831
96,0,0,0,0,0,0,1,20190601,20190831
97,1,1,1,1,1,0,0,20190901,20191031
98,1,1,1,1,0,0,0,20190901,20191031
99,0,0,0,0,1,0,0,20190901,20191031
100,0,0,0,0,0,1,0,20190901,20191031
101,0,0,0,0,0,0,1,20190901,20191031
102,1,1,1,1,1,0,0,20191101,20191231
103,0,0,0,0,0,1,0,20191101,20191231
104,0,0,0,0,0,0,1,20191101,20191231
105,1,1,1,1,1,1,1,20200101,20200416
106,1,1,1,1,1,0,0,20200101,20200416
107,0,0,0,0,0,1,0,20200101,20200416
108,0,0,0,0,0,0,1,20200101,20200416
109,1,1,1,1,1,0,0,20200417,20200531
110,1,1,1,1,0,0,0,20200417,20200531
111,0,0,0,0,1,0,0,20200417,20200531
112,0,0,0,0,0,1,0,20200417,20200531
113,0,0,0,0,0,0,1,20200417,20200531
114,1,1,1,1,1,0,0,20200601,20200830
115,1,1,1,1,0,0,0,20200601,20200830
116,0,0,0,0,1,0,0,20200601,20200830
117,0,0,0,0,0,1,0,20200601,20200830
118,0,0,0,0,0,0,1,20200601,20200830
119,1,1,1,1,1,1,1,20170610,20170731
120,1,1,1,1,1,1,1,20190501,20190531
121,0,0,0,0,0,1,1,20190501,20190531
122,1,1,1,1,1,1,1,20190601,20190623
123,0,0,0,0,0,1,1,20190601,20190623
124,1,1,1,1,1,1,1,20190624,20190811
125,1,1,1,1,1,1,1,20190812,20190831
126,0,0,0,0,0,1,1,20190812,20190831
127,1,1,1,1,1,1,1,20190901,20190930
128,1,1,1,1,1,1,1,20200601,20200619
129,0,0,0,0,0,1,1,20200601,20200619
130,1,1,1,1,1,1,1,20200620,20200809
131,1,1,1,1,1,1,1,20200810,20200831
132,0,0,0,0,0,1,1,20200810,20200831
133,1,1,1,1,1,1,1,20200901,20200930
134,0,1,1,1,1,1,1,20190608,20190811
135,0,0,0,0,0,1,1,20190817,20190901
136,1,1,1,1,1,1,1,20190601,20190831
137,1,1,1,1,1,1,1,20200601,20200831
138,0,0,0,0,0,1,1,20190601,20190620
139,0,0,0,0,0,0,1,20190601,20190620
140,0,0,0,0,0,1,0,20190601,20190620
141,0,1,0,0,0,0,0,20190621,20190811
142,0,0,1,1,1,0,0,20190621,20190811
143,0,0,0,0,1,0,0,20190621,20190811
144,0,0,0,0,0,1,1,20190621,20190811
145,0,0,0,0,0,1,0,20190621,20190811
146,0,0,0,0,0,1,1,20190812,20190901
147,0,0,0,0,0,0,1,20190812,20190901
148,0,0,0,0,0,1,0,20190812,20190901
149,0,0,0,0,0,1,1,20190902,20190929
150,0,0,0,0,0,1,0,20200601,20200613
151,0,1,0,0,0,0,0,20200619,20200809
152,0,0,1,1,1,0,0,20200619,20200809
153,0,0,0,0,0,1,1,20200619,20200809
154,0,0,0,0,0,1,1,20200815,20200830
155,0,0,0,0,0,1,0,20200905,20200913
156,0,0,0,0,1,0,0,20190510,20190531
157,0,0,0,0,0,1,1,20190510,20190531
158,1,1,1,1,1,1,1,20190601,20190811
159,0,0,0,0,1,0,0,20190812,20190901
160,0,0,0,0,1,0,0,20190902,20190915
161,0,0,0,0,0,1,1,20190902,20190915
162,1,1,1,1,1,1,1,20200601,20200809
163,0,0,0,0,1,0,0,20200810,20200830
164,0,0,0,0,0,1,1,20200810,20200830
165,0,0,0,0,1,0,0,20200905,20200913
166,0,0,0,0,0,1,1,20200905,20200913
167,0,1,1,1,1,1,1,20190606,20190811
168,0,1,1,1,1,1,1,20200606,20200809
169,0,0,0,0,0,1,0,20191102,20191102
170,1,1,1,1,1,0,0,20150101,20161231
171,1,1,1,1,1,1,0,20150101,20161231
172,1,1,1,1,1,1,1,20150101,20161231
173,0,0,0,0,1,1,0,20150101,20161231
174,1,1,1,1,1,0,0,20150101,20171231
175,1,1,1,1,1,1,0,20150101,20171231
176,1,1,1,1,1,1,1,20150101,20171231
177,0,0,0,0,1,1,0,20150101,20171231
178,1,1,1,1,1,1,1,20170101,20171231
179,1,1,1,1,1,1,0,20170101,20171231
180,1,1,1,1,1,0,0,20170101,20171231
181,0,0,0,0,1,1,0,20170101,20171231
182,1,1,1,1,1,1,1,20180101,20181231
183,1,1,1,1,1,1,0,20180101,20181231
184,0,0,0,0,1,1,0,20180101,20181231
185,1,1,1,1,1,1,1,20190101,20191231
186,1,1,1,1,1,1,0,20190101,20191231
187,0,0,0,0,1,1,0,20190101,20191231
188,1,1,1,1,1,1,1,20200101,20201231
189,1,1,1,1,1,1,0,20200101,20201231
190,0,0,0,0,1,1,0,20200101,20201231
191,0,0,0,0,1,0,0,20170101,20171231
192,0,0,0,0,0,1,0,20170101,20171231
193,1,1,1,1,1,1,1,20190501,20190502
194,1,1,1,1,1,1,0,20190501,20190502
195,0,0,0,0,1,0,0,20190501,20190502
196,0,0,0,0,0,1,0,20190501,20190502
197,0,0,0,0,0,0,1,20190501,20190502
198,1,1,1,1,1,1,1,20190503,20190517
199,1,1,1,1,1,1,0,20190503,20190517
200,0,0,0,0,1,0,0,20190503,20190517
201,0,0,0,0,0,1,0,20190503,20190517
202,0,0,0,0,0,0,1,20190503,20190517
203,1,1,1,1,1,1,1,20190518,20190818
204,0,0,0,0,0,1,1,20190819,20190820
205,0,0,0,0,0,1,1,20190822,20190901
206,0,0,0,0,0,1,1,20190902,20190906
207,0,0,0,0,0,1,1,20190907,20190915
208,0,0,0,0,0,1,1,20190916,20190930
209,1,1,1,1,1,1,1,20200601,20200626
210,1,1,1,1,1,1,0,20200601,20200626
211,1,1,1,1,1,0,0,20200601,20200626
212,1,1,1,1,1,1,1,20200627,20200816
213,1,1,1,1,1,1,0,20200627,20200816
214,1,1,1,1,1,0,0,20200627,20200816
215,1,1,1,1,1,1,1,20200817,20200830
216,1,1,1,1,1,1,0,20200817,20200830
217,1,1,1,1,1,0,0,20200817,20200830
218,1,1,1,1,1,1,1,20200831,20200913
219,1,1,1,1,1,1,0,20200831,20200913
220,1,1,1,1,1,0,0,20200831,20200913
221,1,1,1,1,1,1,1,20200914,20200927
222,1,1,1,1,1,0,0,20200914,20200927
223,0,1,0,0,0,0,0,20200914,20200927
224,0,0,1,1,1,0,0,20200914,20200927
225,0,0,0,0,0,1,0,20200914,20200927
226,1,1,1,1,1,1,1,20190902,20190906
227,1,1,1,1,1,1,1,20190907,20190916
228,1,1,1,1,1,1,1,20190629,20190811
229,1,1,1,1,1,1,1,20190821,20190821
230,1,1,1,1,1,1,0,20190518,20190818
231,1,1,1,1,1,0,0,20190518,20190818
232,0,0,0,0,1,0,0,20190518,20190818
233,0,0,0,0,0,1,0,20190518,20190818
234,0,0,0,0,0,0,1,20190518,20190818
235,1,1,1,1,1,1,1,20190819,20190820
236,1,1,1,1,1,1,0,20190819,20190820
237,1,1,1,1,1,0,0,20190819,20190820
238,0,0,0,0,1,0,0,20190819,20190820
239,0,0,0,0,0,1,0,20190819,20190820
240,0,0,0,0,0,0,1,20190819,20190820
241,1,1,1,1,1,1,1,20190822,20190901
242,1,1,1,1,1,1,0,20190822,20190901
243,1,1,1,1,1,0,0,20190822,20190901
244,0,0,0,0,1,0,0,20190822,20190901
245,0,0,0,0,0,1,0,20190822,20190901
246,0,0,0,0,0,0,1,20190822,20190901
247,1,1,1,1,1,1,1,20190902,20190915
248,1,1,1,1,1,1,0,20190902,20190915
249,1,1,1,1,1,0,0,20190902,20190915
250,1,1,1,1,1,1,0,20190916,20190930
251,1,1,1,1,1,0,0,20190916,20190930
252,0,1,0,0,0,0,0,20190916,20190930
253,0,0,1,1,1,0,0,20190916,20190930
254,0,0,0,0,0,1,0,20190916,20190930
255,1,1,1,1,1,0,0,20190514,20190914
256,1,1,1,1,1,1,0,20190502,20190531
257,1,1,1,1,1,1,0,20190601,20190831
258,1,1,1,1,1,1,0,20190901,20190926
259,1,1,1,1,1,1,1,20190429,20190510
260,0,0,0,0,0,1,1,20190429,20190510
261,1,1,1,1,1,1,1,20190511,20190929
262,1,1,1,1,1,1,1,20200601,20200925
263,1,1,1,1,1,1,1,20200926,20201031
264,0,0,0,0,0,1,1,20200926,20201031
265,1,1,1,1,1,1,1,20190502,20190915
266,1,1,1,1,1,1,0,20190502,20190915
267,0,0,0,0,0,0,1,20190502,20190915
268,1,1,1,1,1,1,1,20190916,20190930
269,1,1,1,1,1,1,1,20200608,20200915
270,1,1,1,1,1,1,0,20200608,20200915
271,0,0,0,0,0,0,1,20200608,20200915
272,1,1,1,1,1,1,1,20190511,20190901
273,1,1,1,1,1,1,1,20190907,20190908
274,1,1,1,1,1,1,1,20200601,20200830
275,1,1,1,1,1,1,1,20200905,20200906
276,1,1,1,1,1,1,1,20160919,20191231
277,1,1,1,1,1,1,1,20200101,20211231
278,1,1,1,1,1,1,1,20190615,20190811
279,1,1,1,1,1,1,1,20200613,20200809
280,0,0,0,0,0,1,1,20190901,20190930
281,0,0,0,0,0,1,1,20200901,20200930
282,0,0,0,1,0,0,0,20201001,20201011
283,0,0,0,0,1,0,0,20201001,20201011
284,0,0,0,0,0,1,1,20201001,20201011
285,0,0,0,0,0,1,1,20201017,20201031
286,0,0,0,0,0,1,1,20201101,20201115
287,0,0,0,0,0,1,1,20190531,20190616
288,0,0,1,1,1,0,0,20190620,20190729
289,0,0,0,0,0,1,1,20190620,20190729
290,0,0,0,0,0,1,1,20190802,20190901
291,0,0,1,1,1,0,0,20200617,20200726
292,0,0,0,0,0,1,1,20200617,20200726
293,0,0,0,0,0,1,1,20200801,20200830
294,0,0,1,0,0,0,0,20190510,20190616
295,0,0,0,0,0,1,0,20190510,20190616
296,0,0,0,0,0,0,1,20190510,20190616
297,0,0,0,0,1,0,0,20190510,20190616
298,0,1,0,0,0,0,0,20190618,20190804
299,0,0,1,0,0,0,0,20190618,20190804
300,0,0,0,1,0,0,0,20190618,20190804
301,0,0,0,0,1,0,0,20190618,20190804
302,0,0,0,0,0,1,1,20190618,20190804
303,0,0,1,0,0,0,0,20190807,20190915
304,0,0,0,0,0,1,0,20190807,20190915
305,0,0,0,0,0,0,1,20190807,20190915
306,0,0,0,0,1,0,0,20190807,20190915
307,0,0,1,0,0,0,0,20200515,20200621
308,0,0,0,0,0,1,0,20200515,20200621
309,0,0,0,0,0,0,1,20200515,20200621
310,0,0,0,0,1,0,0,20200515,20200621
311,0,1,0,0,0,0,0,20200622,20200809
312,0,0,1,0,0,0,0,20200622,20200809
313,0,0,0,1,0,0,0,20200622,20200809
314,0,0,0,0,1,0,0,20200622,20200809
315,0,0,0,0,0,1,1,20200622,20200809
316,0,0,1,0,0,0,0,20200810,20200913
317,0,0,0,0,0,1,0,20200810,20200913
318,0,0,0,0,0,0,1,20200810,20200913
319,0,0,0,0,1,0,0,20200810,20200913
320,0,0,0,1,0,0,0,20190608,20190810
321,0,0,0,0,1,0,0,20190608,20190810
322,0,0,0,0,0,1,0,20190608,20190810
323,0,0,0,0,0,1,0,20190811,20190831
324,1,1,1,1,1,1,1,20161010,20171231
325,1,1,1,1,1,1,1,20180101,20200220
326,1,1,1,1,1,1,1,20200221,20201231
327,1,1,1,1,1,0,0,20160809,20170531
328,0,0,0,0,0,1,1,20160809,20170531
329,0,0,0,0,0,1,1,20170101,20171231
330,1,1,1,1,1,0,0,20180101,20200131
331,0,0,0,0,0,1,1,20180101,20200131
332,1,1,1,1,1,0,0,20200201,20201231
333,0,0,0,0,0,1,1,20200201,20201231
334,1,1,1,1,1,0,0,20160101,20171231
335,1,1,0,0,0,0,0,20160101,20171231
336,1,0,1,0,1,0,0,20160101,20171231
337,0,0,1,0,0,0,0,20160101,20171231
338,0,0,0,1,0,0,0,20160101,20171231
339,0,0,0,0,1,0,0,20160101,20171231
340,0,0,0,0,0,1,0,20160101,20171231
341,0,0,0,0,0,0,1,20160101,20171231
342,1,1,0,0,0,0,0,20170101,20171231
343,1,0,1,0,1,0,0,20170101,20171231
344,0,0,1,0,0,0,0,20170101,20171231
345,0,0,0,1,0,0,0,20170101,20171231
346,0,0,0,0,0,0,1,20170101,20171231
347,1,1,0,0,0,0,0,20180101,20181231
348,1,0,1,0,1,0,0,20180101,20181231
349,0,0,1,0,0,0,0,20180101,20181231
350,0,0,0,1,0,0,0,20180101,20181231
351,1,1,1,1,1,0,0,20190101,20190430
352,1,1,0,0,0,0,0,20190101,20190430
353,1,0,1,0,1,0,0,20190101,20190430
354,0,0,1,0,0,0,0,20190101,20190430
355,0,0,0,1,0,0,0,20190101,20190430
356,0,0,0,0,1,0,0,20190101,20190430
357,0,0,0,0,0,1,0,20190101,20190430
358,0,0,0,0,0,0,1,20190101,20190430
359,1,1,1,1,1,0,0,20190501,20190930
360,1,1,0,0,0,0,0,20190501,20190930
361,1,0,1,0,1,0,0,20190501,20190930
362,0,0,1,0,0,0,0,20190501,20190930
363,0,0,0,1,0,0,0,20190501,20190930
364,0,0,0,0,1,0,0,20190501,20190930
365,0,0,0,0,0,1,0,20190501,20190930
366,0,0,0,0,0,0,1,20190501,20190930
367,1,1,1,1,1,0,0,20191001,20191231
368,1,1,0,0,0,0,0,20191001,20191231
369,1,0,1,0,1,0,0,20191001,20191231
370,0,0,1,0,0,0,0,20191001,20191231
371,0,0,0,1,0,0,0,20191001,20191231
372,0,0,0,0,1,0,0,20191001,20191231
373,0,0,0,0,0,1,0,20191001,20191231
374,0,0,0,0,0,0,1,20191001,20191231
375,1,1,1,1,1,0,0,20200101,20200430
376,1,1,0,0,0,0,0,20200101,20200430
377,1,0,1,0,1,0,0,20200101,20200430
378,0,0,1,0,0,0,0,20200101,20200430
379,0,0,0,1,0,0,0,20200101,20200430
380,0,0,0,0,1,0,0,20200101,20200430
381,0,0,0,0,0,1,0,20200101,20200430
382,0,0,0,0,0,0,1,20200101,20200430
383,1,1,1,1,1,0,0,20200501,20200930
384,1,1,0,0,0,0,0,20200501,20200930
385,1,0,1,0,1,0,0,20200501,20200930
386,0,0,1,0,0,0,0,20200501,20200930
387,0,0,0,1,0,0,0,20200501,20200930
388,0,0,0,0,1,0,0,20200501,20200930
389,0,0,0,0,0,1,0,20200501,20200930
390,0,0,0,0,0,0,1,20200501,20200930
391,1,1,1,1,1,0,0,20151001,20160417
392,1,1,1,1,1,1,0,20151001,20160417
393,0,1,0,1,0,0,0,20151001,20160417
394,1,0,1,0,1,1,0,20151001,20160417
395,1,1,1,1,1,1,1,20151001,20160417
396,1,0,1,0,1,0,0,20151001,20160417
397,0,0,0,0,0,0,1,20151001,20160417
398,1,1,1,1,1,1,1,20160418,20160620
399,1,1,1,1,1,1,0,20160418,20160620
400,1,1,1,1,1,0,1,20160418,20160620
401,1,1,1,1,1,0,0,20160418,20160620
402,1,0,1,0,1,0,0,20160418,20160620
403,0,1,0,1,0,0,0,20160418,20160620
404,0,0,0,0,0,1,0,20160418,20160620
405,0,0,0,0,0,0,1,20160418,20160620
406,1,1,1,1,1,0,0,20160621,20160815
407,1,0,1,0,1,0,0,20160621,20160815
408,0,0,0,0,0,1,0,20160621,20160815
409,0,0,0,0,0,0,1,20160621,20160815
410,0,1,0,1,0,0,0,20160621,20160815
411,1,1,1,1,1,1,1,20160816,20161231
412,1,1,1,1,1,1,0,20160816,20161231
413,1,1,1,1,1,0,1,20160816,20161231
414,1,1,1,1,1,0,0,20160816,20161231
415,1,0,1,0,1,0,0,20160816,20161231
416,0,1,0,1,0,0,0,20160816,20161231
417,0,0,0,0,0,1,0,20160816,20161231
418,0,0,0,0,0,0,1,20160816,20161231
419,1,1,1,1,1,1,1,20160816,20170618
420,1,1,1,1,1,1,0,20160816,20170618
421,1,1,1,1,1,0,0,20160816,20170618
422,1,0,1,0,1,0,0,20160816,20170618
423,0,1,0,1,0,0,0,20160816,20170618
424,0,0,0,0,0,1,0,20160816,20170618
425,0,0,0,0,0,0,1,20160816,20170618
426,1,1,1,1,1,0,0,20170619,20170815
427,1,0,1,0,1,0,0,20170619,20170815
428,0,0,0,0,0,1,0,20170619,20170815
429,0,0,0,0,0,0,1,20170619,20170815
430,0,1,0,1,0,0,0,20170619,20170815
431,1,1,1,1,1,1,1,20170816,20171231
432,1,1,1,1,1,1,0,20170816,20171231
433,1,1,1,1,1,0,0,20170816,20171231
434,1,0,1,0,1,0,0,20170816,20171231
435,0,1,0,1,0,0,0,20170816,20171231
436,0,0,0,0,0,1,0,20170816,20171231
437,0,0,0,0,0,0,1,20170816,20171231
438,1,1,1,1,1,1,1,20180101,20180618
439,1,1,1,1,1,1,0,20180101,20180618
440,1,1,1,1,1,0,0,20180101,20180618
441,1,0,1,0,1,0,0,20180101,20180618
442,0,1,0,1,0,0,0,20180101,20180618
443,0,0,0,0,0,1,0,20180101,20180618
444,0,0,0,0,0,0,1,20180101,20180618
445,1,1,1,1,1,0,0,20180619,20180814
446,1,0,1,0,1,0,0,20180619,20180814
447,0,1,0,1,0,0,0,20180619,20180814
448,0,0,0,0,0,1,0,20180619,20180814
449,0,0,0,0,0,0,1,20180619,20180814
450,1,1,1,1,1,0,0,20180815,20181231
451,1,0,1,0,1,0,0,20180815,20181231
452,0,1,0,1,0,0,0,20180815,20181231
453,0,0,0,0,0,1,0,20180815,20181231
454,0,0,0,0,0,0,1,20180815,20181231
455,1,1,1,1,1,0,0,20190101,20190616
456,1,0,1,0,1,0,0,20190101,20190616
457,0,1,0,1,0,0,0,20190101,20190616
458,0,0,0,0,0,1,0,20190101,20190616
459,0,0,0,0,0,0,1,20190101,20190616
460,1,1,1,1,1,1,1,20190617,20190811
461,1,1,1,1,1,1,0,20190617,20190811
462,1,1,1,1,1,0,0,20190617,20190811
463,0,0,0,0,0,0,1,20190617,20190811
464,1,1,1,1,1,0,0,20190812,20191231
465,1,0,1,0,1,0,0,20190812,20191231
466,0,1,0,1,0,0,0,20190812,20191231
467,0,0,0,0,0,1,0,20190812,20191231
468,0,0,0,0,0,0,1,20190812,20191231
469,1,1,1,1,1,0,0,20200101,20200614
470,1,0,1,0,1,0,0,20200101,20200614
471,0,1,0,1,0,0,0,20200101,20200614
472,0,0,0,0,0,1,0,20200101,20200614
473,0,0,0,0,0,0,1,20200101,20200614
474,1,1,1,1,1,1,1,20200615,20200809
475,1,1,1,1,1,1,0,20200615,20200809
476,1,1,1,1,1,0,0,20200615,20200809
477,0,0,0,0,0,0,1,20200615,20200809
478,0,0,0,0,0,1,1,20161010,20171231
479,0,0,0,0,0,1,1,20180101,20181231
480,0,0,0,0,0,1,1,20190101,20191231
481,0,0,0,0,0,1,1,20200101,20201231
482,1,1,1,1,1,1,1,20141001,20161231
483,1,1,1,1,1,1,1,20141001,20171231
484,1,1,1,1,1,1,1,20160919,20161231
485,1,1,1,1,1,0,0,20160919,20161231
486,1,1,1,1,1,1,1,20160919,20170523
487,1,1,1,1,1,0,0,20160919,20170523
488,1,1,1,1,1,1,1,20170524,20170622
489,1,1,1,1,1,0,0,20170524,20170622
490,0,0,0,0,1,0,0,20170524,20170622
491,0,0,0,0,0,1,1,20170524,20170622
492,1,1,1,1,1,1,1,20170623,20170813
493,1,1,1,1,1,0,0,20170623,20170813
494,1,1,1,1,1,1,1,20170814,20170910
495,1,1,1,1,1,0,0,20170814,20170910
496,0,0,0,0,1,0,0,20170814,20170910
497,0,0,0,0,0,1,1,20170814,20170910
498,1,1,1,1,1,1,1,20170911,20171012
499,1,1,1,1,1,0,0,20170911,20171012
500,1,1,1,1,1,1,1,20171016,20171231
501,1,1,1,1,1,0,0,20171016,20171231
502,0,0,0,0,0,1,1,20171016,20171231
503,1,1,1,1,1,1,1,20180101,20180607
504,1,1,1,1,1,0,0,20180101,20180607
505,0,0,0,0,0,1,1,20180101,20180607
506,1,1,1,1,1,1,1,20180608,20180621
507,1,1,1,1,1,0,0,20180608,20180621
508,0,0,0,0,1,0,0,20180608,20180621
509,0,0,0,0,0,1,1,20180608,20180621
510,1,1,1,1,1,1,1,20180622,20180812
511,1,1,1,1,1,0,0,20180622,20180812
512,1,1,1,1,1,1,1,20180803,20180923
513,1,1,1,1,1,0,0,20180803,20180923
514,0,0,0,0,1,0,0,20180803,20180923
515,0,0,0,0,0,1,1,20180803,20180923
516,1,1,1,1,1,1,1,20180813,20180923
517,1,1,1,1,1,0,0,20180813,20180923
518,0,0,0,0,1,0,0,20180813,20180923
519,0,0,0,0,0,1,1,20180813,20180923
520,1,1,1,1,1,1,1,20180924,20181231
521,1,1,1,1,1,0,0,20180924,20181231
522,0,0,0,0,0,1,1,20180924,20181231
523,1,1,1,1,1,1,1,20190101,20190131
524,1,1,1,1,1,0,0,20190101,20190131
525,0,0,0,0,0,1,1,20190101,20190131
526,1,1,1,1,1,0,0,20190201,20190228
527,0,0,0,0,0,1,0,20190201,20190228
528,0,0,0,0,0,0,1,20190201,20190228
529,1,1,1,1,1,1,1,20190301,20190602
530,1,1,1,1,1,0,0,20190301,20190602
531,0,0,0,0,0,1,1,20190301,20190602
532,1,1,1,1,1,1,1,20190603,20190619
533,1,1,1,1,1,0,0,20190603,20190619
534,0,0,0,0,1,0,0,20190603,20190619
535,0,0,0,0,0,1,1,20190603,20190619
536,1,1,1,1,1,1,1,20190620,20190811
537,1,1,1,1,1,0,0,20190620,20190811
538,1,1,1,1,1,1,1,20190812,20190901
539,1,1,1,1,1,0,0,20190812,20190901
540,1,1,1,1,0,0,0,20190812,20190901
541,1,1,1,1,1,1,1,20190902,20190922
542,1,1,1,1,1,0,0,20190902,20190922
543,0,0,0,0,1,0,0,20190902,20190922
544,0,0,0,0,0,1,1,20190902,20190922
545,1,1,1,1,1,1,1,20190923,20191231
546,1,1,1,1,1,0,0,20190923,20191231
547,0,0,0,0,0,1,1,20190923,20191231
548,1,1,1,1,1,1,1,20200101,20200604
549,1,1,1,1,1,0,0,20200101,20200604
550,1,1,1,1,1,1,1,20200605,20200617
551,1,1,1,1,1,0,0,20200605,20200617
552,1,1,1,1,0,0,0,20200605,20200617
553,0,0,0,0,1,0,0,20200605,20200617
554,0,0,0,0,0,1,1,20200605,20200617
555,1,1,1,1,1,1,1,20200618,20200811
556,1,1,1,1,1,0,0,20200618,20200811
557,0,0,0,0,0,1,1,20170623,20170813
558,1,1,1,1,1,0,0,20170213,20170430
559,0,0,0,0,0,1,0,20170213,20170430
560,0,0,0,0,0,0,1,20170213,20170430
561,1,1,1,1,1,0,0,20170428,20170531
562,0,0,0,0,1,0,0,20170428,20170531
563,0,0,0,0,0,1,0,20170428,20170531
564,0,0,0,0,0,0,1,20170428,20170531
565,1,1,1,1,1,0,0,20170901,20171030
566,0,0,0,0,1,0,0,20170901,20171030
567,0,0,0,0,0,1,0,20170901,20171030
568,0,0,0,0,0,0,1,20170901,20171030
569,1,1,0,0,0,0,0,20161010,20171231
570,0,0,1,0,0,0,0,20161010,20171231
571,0,0,0,1,0,0,0,20161010,20171231
572,1,1,0,0,0,0,0,20190101,20191231
573,0,0,1,0,0,0,0,20190101,20191231
574,0,0,0,1,0,0,0,20190101,20191231
575,1,1,0,0,0,0,0,20200101,20201231
576,0,0,1,0,0,0,0,20200101,20201231
577,0,0,0,1,0,0,0,20200101,20201231
578,1,1,1,1,1,0,0,20170213,20170331
579,0,0,0,0,0,1,0,20170213,20170331
580,0,0,0,0,0,0,1,20170213,20170331
581,1,1,1,1,1,0,0,20170401,20170412
582,0,0,0,0,0,1,0,20170401,20170412
583,0,0,0,0,0,0,1,20170401,20170412
584,1,1,1,1,1,0,0,20170401,20170430
585,0,0,0,0,0,1,0,20170401,20170430
586,0,0,0,0,0,0,1,20170401,20170430
587,1,1,1,1,0,0,0,20170428,20170531
588,1,1,1,1,0,0,0,20170901,20171030
589,1,1,1,1,1,0,0,20160815,20170604
590,1,1,1,1,0,0,0,20160815,20170604
591,0,1,0,0,0,0,0,20160815,20170604
592,0,0,1,0,0,0,0,20160815,20170604
593,0,0,0,0,1,0,0,20160815,20170604
594,1,0,0,0,0,0,0,20170605,20170813
595,0,1,1,0,0,0,0,20170605,20170813
596,0,1,0,0,0,0,0,20170605,20170813
597,0,0,1,1,1,0,0,20170605,20170813
598,0,0,0,0,0,0,1,20170605,20170813
599,1,1,1,1,1,0,0,20170814,20180604
600,1,1,1,1,0,0,0,20170814,20180604
601,0,1,0,0,0,0,0,20170814,20180604
602,0,0,1,0,0,0,0,20170814,20180604
603,0,0,0,0,1,0,0,20170814,20180604
604,0,1,1,0,0,0,0,20180602,20180812
605,0,0,0,0,1,0,0,20180602,20180812
606,0,0,0,0,0,0,1,20180602,20180812
607,1,1,1,1,1,0,0,20180813,20190604
608,1,1,1,1,0,0,0,20180813,20190604
609,0,1,0,0,0,0,0,20180813,20190604
610,0,0,1,0,0,0,0,20180813,20190604
611,0,0,0,0,1,0,0,20180813,20190604
612,0,1,1,0,0,0,0,20190602,20190809
613,0,0,0,0,1,0,0,20190602,20190809
614,0,0,0,0,0,0,1,20190602,20190809
615,1,1,1,1,1,0,0,20190810,20200530
616,1,1,1,1,0,0,0,20190810,20200530
617,0,1,0,0,0,0,0,20190810,20200530
618,0,0,1,0,0,0,0,20190810,20200530
619,0,0,0,0,1,0,0,20190810,20200530
620,0,1,1,0,0,0,0,20200601,20200809
621,0,0,0,0,1,0,0,20200601,20200809
622,0,0,0,0,0,0,1,20200601,20200809
623,0,1,1,0,0,0,0,20160815,20170604
624,0,0,0,1,0,0,0,20170605,20170813
625,0,0,0,0,1,0,0,20170605,20170813
626,0,1,1,0,0,0,0,20170814,20180604
627,1,0,0,0,0,0,0,20180602,20180812
628,0,1,0,0,0,0,0,20180602,20180812
629,0,0,1,1,1,0,0,20180602,20180812
630,0,0,0,1,0,0,0,20180602,20180812
631,0,1,1,0,0,0,0,20180813,20190604
632,1,0,0,0,0,0,0,20190602,20190809
633,0,1,0,0,0,0,0,20190602,20190809
634,0,0,1,1,1,0,0,20190602,20190809
635,0,0,0,1,0,0,0,20190602,20190809
636,0,1,1,0,0,0,0,20190810,20200530
637,1,0,0,0,0,0,0,20200601,20200809
638,0,0,0,1,0,0,0,20200601,20200809
639,1,0,0,0,0,0,0,20160815,20170531
640,0,0,1,0,0,0,0,20160815,20170531
641,0,0,0,0,1,0,0,20160815,20170531
642,1,0,1,0,1,0,0,20160815,20170531
643,1,0,1,0,1,0,0,20170401,20170531
644,1,0,1,0,1,0,0,20170814,20171231
645,1,0,1,0,1,0,0,20180101,20180513
646,1,0,0,0,0,0,0,20161001,20170430
647,0,1,1,0,0,0,0,20161001,20170430
648,0,1,0,0,0,0,0,20161001,20170430
649,0,0,0,1,0,0,0,20161001,20170430
650,0,0,0,0,1,0,0,20161001,20170430
651,0,0,0,0,0,0,1,20161001,20170430
652,1,0,1,0,1,0,0,20170501,20170930
653,1,0,1,0,0,0,0,20170501,20170930
654,1,0,0,0,0,0,0,20170501,20170930
655,0,1,0,0,0,0,0,20170501,20170930
656,0,0,1,0,0,0,0,20170501,20170930
657,0,0,0,1,0,0,0,20170501,20170930
658,0,0,0,0,1,0,0,20170501,20170930
659,0,0,0,0,0,1,0,20170501,20170930
660,0,0,0,0,0,0,1,20170501,20170930
661,1,0,0,0,0,0,0,20171101,20180430
662,0,1,0,0,0,0,0,20171101,20180430
663,0,0,0,1,0,0,0,20171101,20180430
664,0,0,0,0,1,0,0,20171101,20180430
665,0,0,0,0,0,1,0,20171101,20180430
666,0,0,0,0,0,0,1,20171101,20180430
667,1,0,0,0,0,0,0,20181001,20190430
668,0,1,0,0,0,0,0,20181001,20190430
669,0,0,0,1,0,0,0,20181001,20190430
670,0,0,0,0,1,0,0,20181001,20190430
671,0,0,0,0,0,1,0,20181001,20190430
672,0,0,0,0,0,0,1,20181001,20190430
673,1,0,1,0,0,0,0,20190501,20190930
674,1,0,0,0,0,0,0,20190501,20190930
675,0,1,0,0,0,0,0,20190501,20190930
676,1,0,0,0,0,0,0,20191001,20200430
677,0,1,0,0,0,0,0,20191001,20200430
678,0,0,0,1,0,0,0,20191001,20200430
679,0,0,0,0,1,0,0,20191001,20200430
680,0,0,0,0,0,0,1,20191001,20200430
681,1,0,1,0,0,0,0,20200501,20200930
682,1,0,0,0,0,0,0,20200501,20200930
683,0,1,0,0,0,0,0,20200501,20200930
684,1,1,1,1,1,0,0,20170501,20170930
685,0,0,1,1,1,0,0,20170501,20170930
686,0,0,1,1,0,0,0,20190501,20190930
687,0,0,1,1,0,0,0,20200501,20200930
688,0,1,0,0,0,0,0,20160905,20170518
689,0,0,1,0,0,0,0,20160905,20170518
690,0,0,0,1,0,0,0,20160905,20170518
691,0,0,0,0,1,0,0,20160905,20170518
692,0,0,0,0,0,1,0,20160905,20170518
693,0,0,0,0,0,0,1,20160905,20170518
694,1,0,1,0,1,0,0,20170519,20170903
695,0,1,0,1,0,0,0,20170519,20170903
696,0,0,0,0,1,0,0,20170519,20170903
697,0,0,0,0,0,1,0,20170519,20170903
698,0,0,0,0,0,0,1,20170519,20170903
699,0,1,0,0,0,0,0,20170904,20171001
700,0,0,1,0,0,0,0,20170904,20171001
701,0,0,0,1,0,0,0,20170904,20171001
702,0,0,0,0,1,0,0,20170904,20171001
703,0,0,0,0,0,1,0,20170904,20171001
704,0,0,0,0,0,0,1,20170904,20171001
705,0,1,0,0,0,0,0,20171002,20180517
706,0,0,1,0,0,0,0,20171002,20180517
707,0,0,0,1,0,0,0,20171002,20180517
708,0,0,0,0,1,0,0,20171002,20180517
709,0,0,0,0,0,1,0,20171002,20180517
710,0,0,0,0,0,0,1,20171002,20180517
711,1,0,1,0,1,0,0,20180518,20180902
712,0,1,0,1,0,0,0,20180518,20180902
713,0,0,0,0,1,0,0,20180518,20180902
714,0,0,0,0,0,1,0,20180518,20180902
715,0,0,0,0,0,0,1,20180518,20180902
716,0,1,0,0,0,0,0,20180903,20190516
717,0,0,1,0,0,0,0,20180903,20190516
718,0,0,0,1,0,0,0,20180903,20190516
719,0,0,0,0,1,0,0,20180903,20190516
720,0,0,0,0,0,1,0,20180903,20190516
721,0,0,0,0,0,0,1,20180903,20190516
722,1,0,1,0,1,0,0,20190517,20190901
723,0,1,0,1,0,0,0,20190517,20190901
724,0,0,0,0,1,0,0,20190517,20190901
725,0,0,0,0,0,1,0,20190517,20190901
726,0,0,0,0,0,0,1,20190517,20190901
727,0,1,0,0,0,0,0,20190902,20200514
728,0,0,1,0,0,0,0,20190902,20200514
729,0,0,0,1,0,0,0,20190902,20200514
730,0,0,0,0,1,0,0,20190902,20200514
731,0,0,0,0,0,1,0,20190902,20200514
732,0,0,0,0,0,0,1,20190902,20200514
733,0,1,0,0,0,0,0,20200515,20200531
734,0,0,1,0,0,0,0,20200515,20200531
735,0,0,0,1,0,0,0,20200515,20200531
736,0,0,0,0,1,0,0,20200515,20200531
737,0,0,0,0,0,1,0,20200515,20200531
738,0,0,0,0,0,0,1,20200515,20200531
739,1,0,1,0,1,0,0,20200601,20200901
740,0,1,0,1,0,0,0,20200601,20200901
741,0,0,0,0,1,0,0,20200601,20200901
742,0,0,0,0,0,1,0,20200601,20200901
743,0,0,0,0,0,0,1,20200601,20200901
744,1,0,0,0,0,0,0,20160905,20170518
745,1,1,1,1,1,1,0,20170519,20170903
746,1,0,0,0,0,0,0,20170904,20171001
747,1,0,0,0,0,0,0,20171002,20180517
748,1,1,1,1,1,1,0,20180518,20180902
749,1,0,0,0,0,0,0,20180903,20190516
750,1,1,1,1,1,1,0,20190517,20190901
751,1,0,0,0,0,0,0,20190902,20200514
752,1,0,0,0,0,0,0,20200515,20200531
753,1,1,1,1,1,1,0,20200601,20200901
754,1,1,1,1,1,1,1,20170401,20170531
755,1,1,1,1,1,0,0,20170401,20170531
756,0,0,0,0,0,1,1,20170401,20170531
757,0,0,0,0,0,1,1,20170601,20170831
758,1,1,1,1,1,1,1,20170601,20170831
759,1,1,1,1,1,1,1,20170901,20171031
760,0,0,0,0,0,1,1,20170901,20171031
761,1,1,1,1,1,0,0,20171101,20180318
762,1,1,1,1,0,0,0,20171101,20180318
763,0,0,0,0,1,0,0,20171101,20180318
764,0,0,0,0,0,1,1,20171101,20180318
765,1,1,1,1,1,1,1,20180601,20180831
766,1,0,1,0,1,0,0,20180601,20180831
767,0,1,0,1,0,0,0,20180601,20180831
768,0,0,0,0,0,1,1,20180601,20180831
769,1,1,1,1,1,1,1,20180901,20181031
770,1,1,1,1,1,0,0,20180901,20181031
771,0,0,0,0,0,1,1,20180901,20181031
772,1,1,1,1,1,0,0,20181101,20190331
773,1,1,1,1,0,0,0,20181101,20190331
774,0,0,0,0,1,0,0,20181101,20190331
775,0,0,0,0,0,1,1,20181101,20190331
776,1,1,1,1,1,1,1,20190601,20190812
777,1,1,1,1,1,0,0,20190601,20190812
778,1,0,1,0,1,0,0,20190601,20190812
779,0,1,0,1,0,0,0,20190601,20190812
780,0,0,0,0,0,1,1,20190601,20190812
781,1,1,1,1,1,1,1,20190813,20191031
782,1,1,1,1,1,0,0,20190813,20191031
783,0,0,0,0,0,1,1,20190813,20191031
784,1,1,1,1,1,0,0,20191101,20200331
785,1,1,1,1,0,0,0,20191101,20200331
786,0,0,0,0,1,0,0,20191101,20200331
787,0,0,0,0,0,1,1,20191101,20200331
788,1,1,1,1,1,1,1,20200601,20200816
789,1,1,1,1,1,0,0,20200601,20200816
790,0,0,0,0,0,1,1,20200601,20200816
791,1,1,1,1,1,1,1,20170601,20191231
792,1,0,0,0,0,0,0,20160809,20170531
793,0,0,1,0,0,0,0,20160809,20170531
794,0,0,0,0,1,0,0,20160809,20170531
795,0,0,0,0,0,1,0,20160809,20170531
796,0,0,0,0,0,0,1,20160809,20170531
797,1,1,0,0,0,0,0,20170601,20170807
798,0,0,1,0,0,0,0,20170601,20170807
799,0,0,0,0,1,0,0,20170601,20170807
800,0,0,0,0,0,1,0,20170601,20170807
801,0,0,0,0,0,0,1,20170601,20170807
802,1,0,0,0,0,0,0,20170808,20180531
803,0,0,1,0,0,0,0,20170808,20180531
804,0,0,0,0,1,0,0,20170808,20180531
805,0,0,0,0,0,1,0,20170808,20180531
806,0,0,0,0,0,0,1,20170808,20180531
807,1,0,0,0,0,0,0,20190101,20190609
808,0,0,1,0,0,0,0,20190101,20190609
809,0,0,0,0,1,0,0,20190101,20190609
810,0,0,0,0,0,1,0,20190101,20190609
811,0,0,0,0,0,0,1,20190101,20190609
812,1,1,0,0,0,0,0,20190610,20190831
813,0,0,1,0,0,0,0,20190610,20190831
814,0,0,0,0,1,0,0,20190610,20190831
815,0,0,0,0,0,1,0,20190610,20190831
816,0,0,0,0,0,0,1,20190610,20190831
817,1,0,0,0,0,0,0,20190901,20200605
818,0,0,1,0,0,0,0,20190901,20200605
819,0,0,0,0,1,0,0,20190901,20200605
820,0,0,0,0,0,1,0,20190901,20200605
821,0,0,0,0,0,0,1,20190901,20200605
822,1,1,0,0,0,0,0,20200606,20200831
823,0,0,1,0,0,0,0,20200606,20200831
824,0,0,0,0,1,0,0,20200606,20200831
825,0,0,0,0,0,1,0,20200606,20200831
826,0,0,0,0,0,0,1,20200606,20200831
827,0,0,0,1,0,0,0,20160809,20170531
828,0,0,0,1,0,0,0,20170601,20170807
829,0,0,0,1,0,0,0,20170808,20180531
830,0,0,0,1,0,0,0,20190101,20190609
831,0,0,0,1,0,0,0,20190610,20190831
832,0,0,0,1,0,0,0,20190901,20200605
833,0,0,0,1,0,0,0,20200606,20200831
834,1,1,1,1,1,0,0,20160901,20170531
835,1,1,1,1,1,0,0,20170901,20180531
836,1,1,0,0,0,0,0,20170901,20180531
837,0,0,1,0,0,0,0,20170901,20180531
838,0,0,0,1,0,0,0,20170901,20180531
839,1,1,1,1,1,1,1,20180601,20180902
840,1,1,1,1,1,1,0,20180601,20180902
841,1,1,1,1,1,0,0,20180601,20180902
842,1,1,0,0,0,0,0,20180601,20180902
843,1,0,0,0,0,0,0,20180601,20180902
844,0,1,1,0,0,0,0,20180601,20180902
845,0,0,1,0,0,0,0,20180601,20180902
846,0,0,0,1,0,0,0,20180601,20180902
847,0,0,0,0,1,0,0,20180601,20180902
848,0,0,0,0,0,1,1,20180601,20180902
849,0,0,0,0,0,1,0,20180601,20180902
850,0,0,0,0,0,0,1,20180601,20180902
851,1,1,1,1,1,0,0,20180903,20190531
852,1,1,0,0,0,0,0,20180903,20190531
853,0,0,1,0,0,0,0,20180903,20190531
854,0,0,0,1,0,0,0,20180903,20190531
855,0,0,0,0,1,0,0,20180903,20190531
856,0,0,0,0,0,1,0,20180903,20190531
857,0,0,0,0,0,0,1,20180903,20190531
858,1,1,1,1,1,1,1,20190601,20190901
859,1,1,1,1,1,1,0,20190601,20190901
860,1,1,1,1,1,0,0,20190601,20190901
861,0,0,1,0,0,0,0,20190601,20190901
862,0,0,0,0,0,0,1,20190601,20190901
863,1,1,1,1,1,0,0,20190902,20200430
864,1,1,0,0,0,0,0,20190902,20200430
865,0,0,1,0,0,0,0,20190902,20200430
866,0,0,0,1,0,0,0,20190902,20200430
867,0,0,0,0,1,0,0,20190902,20200430
868,0,0,0,0,0,1,0,20190902,20200430
869,0,0,0,0,0,0,1,20190902,20200430
870,1,1,1,1,1,0,0,20200501,20200531
871,1,1,0,0,0,0,0,20200501,20200531
872,0,0,1,0,0,0,0,20200501,20200531
873,0,0,0,1,0,0,0,20200501,20200531
874,0,0,0,0,1,0,0,20200501,20200531
875,0,0,0,0,0,1,0,20200501,20200531
876,0,0,0,0,0,0,1,20200501,20200531
877,1,1,1,1,1,1,1,20200601,20200901
878,1,1,1,1,1,0,0,20200601,20200901
879,0,0,1,0,0,0,0,20200601,20200901
880,1,1,0,0,0,0,0,20160901,20170531
881,0,0,1,0,0,0,0,20160901,20170531
882,0,0,0,1,0,0,0,20160901,20170531
883,0,0,0,0,1,0,0,20160901,20170531
884,0,0,0,0,0,1,0,20160901,20170531
885,0,0,0,0,0,0,1,20160901,20170531
886,1,1,1,1,1,1,0,20170601,20170831
887,1,1,0,0,0,0,0,20170601,20170831
888,0,0,1,0,0,0,0,20170601,20170831
889,0,0,0,1,0,0,0,20170601,20170831
890,0,0,0,0,1,0,0,20170901,20180531
891,0,0,0,0,0,1,0,20170901,20180531
892,0,0,0,0,0,0,1,20170901,20180531
893,1,1,1,1,1,1,0,20161010,20171231
894,1,0,0,0,0,0,0,20161010,20171231
895,0,1,1,0,0,0,0,20161010,20171231
896,1,1,1,1,1,1,0,20170501,20170930
897,0,1,1,0,0,0,0,20170501,20170930
898,1,1,1,1,1,1,0,20171001,20171231
899,1,0,0,0,0,0,0,20171001,20171231
900,0,1,1,0,0,0,0,20171001,20171231
901,0,0,0,1,0,0,0,20171001,20171231
902,0,0,0,0,1,0,0,20171001,20171231
903,0,0,0,0,0,1,0,20171001,20171231
904,0,0,0,0,0,0,1,20171001,20171231
905,1,1,1,1,1,1,0,20180101,20180531
906,1,0,0,0,0,0,0,20180101,20180531
907,0,1,1,0,0,0,0,20180101,20180531
908,0,0,0,1,0,0,0,20180101,20180531
909,0,0,0,0,1,0,0,20180101,20180531
910,0,0,0,0,0,1,0,20180101,20180531
911,0,0,0,0,0,0,1,20180101,20180531
912,1,1,1,1,1,1,0,20180501,20180930
913,1,0,0,0,0,0,0,20180501,20180930
914,0,1,1,0,0,0,0,20180501,20180930
915,0,0,0,1,0,0,0,20180501,20180930
916,0,0,0,0,1,0,0,20180501,20180930
917,0,0,0,0,0,1,0,20180501,20180930
918,0,0,0,0,0,0,1,20180501,20180930
919,1,1,1,1,1,1,0,20181001,20181231
920,1,0,0,0,0,0,0,20181001,20181231
921,0,1,1,0,0,0,0,20181001,20181231
922,0,0,0,1,0,0,0,20181001,20181231
923,0,0,0,0,1,0,0,20181001,20181231
924,0,0,0,0,0,1,0,20181001,20181231
925,0,0,0,0,0,0,1,20181001,20181231
926,1,1,1,1,1,1,0,20190101,20190430
927,1,0,0,0,0,0,0,20190101,20190430
928,0,1,1,0,0,0,0,20190101,20190430
929,1,1,1,1,1,1,1,20190801,20190930
930,1,0,0,0,0,0,0,20190801,20190930
931,0,1,1,0,0,0,0,20190801,20190930
932,0,0,0,1,0,0,0,20190801,20190930
933,0,0,0,0,1,0,0,20190801,20190930
934,0,0,0,0,0,1,0,20190801,20190930
935,0,0,0,0,0,0,1,20190801,20190930
936,1,1,1,1,1,1,0,20191001,20191231
937,1,0,0,0,0,0,0,20191001,20191231
938,0,1,1,0,0,0,0,20191001,20191231
939,1,1,1,1,1,1,0,20200101,20200430
940,1,0,0,0,0,0,0,20200101,20200430
941,0,1,1,0,0,0,0,20200101,20200430
942,1,1,1,1,1,1,1,20200501,20200930
943,1,1,1,1,1,1,0,20200501,20200930
944,0,1,0,0,0,0,0,20161010,20171231
945,0,0,1,1,1,0,0,20161010,20171231
946,0,0,1,1,1,0,0,20171001,20171231
947,0,1,0,0,0,0,0,20171001,20171231
948,0,0,1,1,1,0,0,20180101,20180531
949,0,1,0,0,0,0,0,20180101,20180531
950,1,1,1,1,1,0,0,20180501,20180930
951,0,0,1,1,1,0,0,20181001,20181231
952,0,1,0,0,0,0,0,20181001,20181231
953,0,0,1,1,1,0,0,20190101,20190430
954,0,1,0,0,0,0,0,20190101,20190430
955,1,1,1,1,1,0,0,20190801,20190930
956,0,0,0,0,0,1,1,20190801,20190930
957,0,0,1,1,1,0,0,20191001,20191231
958,0,1,0,0,0,0,0,20191001,20191231
959,0,0,1,1,1,0,0,20200101,20200430
960,0,1,0,0,0,0,0,20200101,20200430
961,0,0,0,0,0,1,1,20200501,20200930
962,1,1,1,1,1,1,1,20160520,20160904
963,1,0,0,0,0,0,0,20160520,20160904
964,0,0,1,0,0,0,0,20160520,20160904
965,0,0,0,1,0,0,0,20160520,20160904
966,0,0,0,0,1,0,0,20160520,20160904
967,0,0,0,0,0,1,0,20160520,20160904
968,0,0,0,0,0,0,1,20160520,20160904
969,0,1,0,0,0,0,0,20160520,20160904
970,1,1,1,1,1,1,1,20170519,20170903
971,1,0,0,0,0,0,0,20170519,20170903
972,0,0,1,0,0,0,0,20170519,20170903
973,0,0,0,1,0,0,0,20170519,20170903
974,0,1,0,0,0,0,0,20170519,20170903
975,1,1,1,1,1,1,1,20180518,20180902
976,1,0,0,0,0,0,0,20180518,20180902
977,0,0,1,0,0,0,0,20180518,20180902
978,0,0,0,1,0,0,0,20180518,20180902
979,0,1,0,0,0,0,0,20180518,20180902
980,1,1,1,1,1,1,1,20190517,20190901
981,1,0,0,0,0,0,0,20190517,20190901
982,0,0,1,0,0,0,0,20190517,20190901
983,0,0,0,1,0,0,0,20190517,20190901
984,0,1,0,0,0,0,0,20190517,20190901
985,1,1,1,1,1,1,1,20200515,20200830
986,1,0,0,0,0,0,0,20200515,20200830
987,0,0,1,0,0,0,0,20200515,20200830
988,0,0,0,1,0,0,0,20200515,20200830
989,0,0,0,0,1,0,0,20200515,20200830
990,0,0,0,0,0,1,0,20200515,20200830
991,0,0,0,0,0,0,1,20200515,20200830
992,0,1,0,0,0,0,0,20200515,20200830
993,1,1,1,1,1,0,0,20160520,20160904
994,1,1,1,1,1,0,0,20170519,20170903
995,1,1,1,1,1,0,0,20180518,20180902
996,1,1,1,1,1,0,0,20190517,20190901
997,1,1,1,1,1,0,0,20200515,20200830
998,1,1,1,1,1,1,1,20160601,20160831
999,0,0,0,0,1,0,0,20170201,20170416
1000,1,1,1,1,1,1,1,20170904,20171231
1001,1,1,1,1,1,1,0,20160527,20160831
1002,0,0,0,0,0,0,1,20160527,20160831
1003,1,1,1,1,1,1,0,20170525,20170827
1004,0,0,0,0,0,0,1,20170525,20170827
1005,1,1,1,1,1,1,0,20180525,20180826
1006,0,0,0,0,0,0,1,20180525,20180826
1007,1,1,1,1,1,1,0,20190531,20190901
1008,0,0,0,0,0,0,1,20190531,20190901
1009,1,1,1,1,1,1,0,20200515,20200830
1010,1,1,1,1,0,0,0,20161010,20171231
1011,1,1,1,1,1,1,1,20171001,20180430
1012,1,1,1,1,1,1,1,20180501,20181231
1013,1,1,1,1,1,1,1,20180622,20180623
1014,1,1,1,1,1,0,0,20180622,20180623
1015,1,1,1,1,1,1,1,20200101,20200220
1016,1,1,1,1,0,0,0,20161010,20171031
1017,0,0,0,0,1,0,0,20161010,20171031
1018,0,0,0,0,0,1,0,20161010,20171031
1019,0,0,0,0,0,0,1,20161010,20171031
1020,1,1,1,1,1,1,1,20161010,20171031
1021,1,1,1,1,0,0,0,20161001,20170331
1022,1,1,1,1,1,0,0,20161001,20170331
1023,0,0,0,0,0,1,1,20161001,20170331
1024,1,1,1,1,1,1,1,20161001,20170331
1025,0,0,0,0,0,1,0,20161001,20170331
1026,0,0,0,0,0,0,1,20161001,20170331
