route_id,service_id,trip_id
1,13,133
1,13,134
1,13,135
1,13,136
1,13,137
1,13,138
1,13,139
1,13,140
1,13,141
1,13,142
1,13,143
1,13,144
1,13,145
1,13,146
1,13,147
1,13,148
1,14,149
1,15,150
1,15,151
1,15,152
1,15,153
1,15,154
1,15,155
1,15,156
1,15,157
1,15,158
1,15,159
1,15,160
1,15,161
1,15,162
1,15,163
1,16,164
1,16,165
1,16,166
1,16,167
1,16,168
1,16,169
1,16,170
1,16,171
1,16,172
1,16,173
1,16,174
1,16,175
1,16,176
1,13,309
1,13,310
1,13,311
1,13,312
1,13,313
1,13,314
1,13,315
1,13,316
1,13,317
1,13,318
1,13,319
1,13,320
1,13,321
1,13,322
1,13,323
1,13,324
1,14,325
1,15,326
1,15,327
1,15,328
1,15,329
1,15,330
1,15,331
1,15,332
1,15,333
1,15,334
1,15,335
1,15,336
1,15,337
1,15,338
1,15,339
1,16,340
1,16,341
1,16,342
1,16,343
1,16,344
1,16,345
1,16,346
1,16,347
1,16,348
1,16,349
1,16,350
1,16,351
1,16,352
10,105,4155
10,106,4156
10,106,4157
10,106,4158
10,106,4159
10,106,4160
10,106,4161
10,106,4162
10,106,4163
10,106,4164
10,106,4165
10,106,4166
10,106,4167
10,106,4168
10,106,4169
10,106,4170
10,106,4171
10,106,4172
10,106,4173
10,106,4174
10,106,4175
10,106,4176
10,106,4177
10,106,4178
10,106,4179
10,106,4180
10,106,4181
10,106,4182
10,106,4183
10,106,4184
10,106,4185
10,106,4186
10,106,4187
10,106,4188
10,106,4189
10,106,4190
10,106,4191
10,106,4192
10,106,4193
10,106,4194
10,106,4195
10,106,4196
10,106,4197
10,106,4198
10,106,4199
10,106,4200
10,106,4201
10,106,4202
10,106,4203
10,106,4204
10,106,4205
10,106,4206
10,106,4207
10,106,4208
10,106,4209
10,106,4210
10,106,4211
10,106,4212
10,106,4213
10,106,4214
10,106,4215
10,106,4216
10,106,4217
10,107,4218
10,107,4219
10,107,4220
10,107,4221
10,107,4222
10,107,4223
10,107,4224
10,107,4225
10,107,4226
10,107,4227
10,107,4228
10,107,4229
10,107,4230
10,107,4231
10,107,4232
10,107,4233
10,107,4234
10,107,4235
10,107,4236
10,107,4237
10,107,4238
10,107,4239
10,107,4240
10,107,4241
10,107,4242
10,107,4243
10,107,4244
10,107,4245
10,107,4246
10,107,4247
10,107,4248
10,107,4249
10,107,4250
10,107,4251
10,107,4252
10,107,4253
10,107,4254
10,107,4255
10,107,4256
10,107,4257
10,107,4258
10,107,4259
10,107,4260
10,107,4261
10,107,4262
10,107,4263
10,107,4264
10,107,4265
10,107,4266
10,107,4267
10,107,4268
10,107,4269
10,107,4270
10,107,4271
10,107,4272
10,107,4273
10,107,4274
10,107,4275
10,108,4276
10,108,4277
10,108,4278
10,108,4279
10,108,4280
10,108,4281
10,108,4282
10,108,4283
10,108,4284
10,108,4285
10,108,4286
10,108,4287
10,108,4288
10,108,4289
10,108,4290
10,108,4291
10,108,4292
10,108,4293
10,108,4294
10,108,4295
10,108,4296
10,108,4297
10,108,4298
10,108,4299
10,108,4300
10,108,4301
10,108,4302
10,108,4303
10,108,4304
10,108,4305
10,108,4306
10,108,4307
10,108,4308
10,108,4309
10,108,4310
10,108,4311
10,108,4312
10,108,4313
10,108,4314
10,108,4315
10,108,4316
10,108,4317
10,108,4318
10,108,4319
10,108,4320
10,108,4321
10,108,4322
10,108,4323
10,108,4324
10,108,4325
10,108,4326
10,108,4327
10,108,4328
10,108,4329
10,108,4330
10,108,4331
10,108,4332
10,108,4333
10,108,4334
10,108,4335
10,109,4336
10,109,4337
10,109,4338
10,109,4339
10,109,4340
10,109,4341
10,109,4342
10,109,4343
10,109,4344
10,109,4345
10,109,4346
10,109,4347
10,109,4348
10,109,4349
10,109,4350
10,109,4351
10,109,4352
10,109,4353
10,109,4354
10,109,4355
10,109,4356
10,109,4357
10,109,4358
10,109,4359
10,109,4360
10,109,4361
10,109,4362
10,109,4363
10,109,4364
10,109,4365
10,109,4366
10,109,4367
10,109,4368
10,109,4369
10,109,4370
10,109,4371
10,109,4372
10,109,4373
10,109,4374
10,109,4375
10,109,4376
10,109,4377
10,109,4378
10,109,4379
10,109,4380
10,109,4381
10,109,4382
10,109,4383
10,109,4384
10,109,4385
10,109,4386
10,109,4387
10,109,4388
10,109,4389
10,109,4390
10,109,4391
10,109,4392
10,109,4393
10,109,4394
10,109,4395
10,109,4396
10,109,4397
10,109,4398
10,110,4399
10,110,4400
10,111,4401
10,111,4402
10,112,4403
10,112,4404
10,112,4405
10,112,4406
10,112,4407
10,112,4408
10,112,4409
10,112,4410
10,112,4411
10,112,4412
10,112,4413
10,112,4414
10,112,4415
10,112,4416
10,112,4417
10,112,4418
10,112,4419
10,112,4420
10,112,4421
10,112,4422
10,112,4423
10,112,4424
10,112,4425
10,112,4426
10,112,4427
10,112,4428
10,112,4429
10,112,4430
10,112,4431
10,112,4432
10,112,4433
10,112,4434
10,112,4435
10,112,4436
10,112,4437
10,112,4438
10,112,4439
10,112,4440
10,112,4441
10,112,4442
10,112,4443
10,112,4444
10,112,4445
10,112,4446
10,112,4447
10,112,4448
10,112,4449
10,112,4450
10,112,4451
10,112,4452
10,112,4453
10,112,4454
10,112,4455
10,112,4456
10,112,4457
10,112,4458
10,112,4459
10,112,4460
10,112,4461
10,112,4462
10,112,4463
10,112,4464
10,112,4465
10,112,4466
10,113,4467
10,113,4468
10,113,4469
10,113,4470
10,113,4471
10,113,4472
10,113,4473
10,113,4474
10,113,4475
10,113,4476
10,113,4477
10,113,4478
10,113,4479
10,113,4480
10,113,4481
10,113,4482
10,113,4483
10,113,4484
10,113,4485
10,113,4486
10,113,4487
10,113,4488
10,113,4489
10,113,4490
10,113,4491
10,113,4492
10,113,4493
10,113,4494
10,113,4495
10,113,4496
10,113,4497
10,113,4498
10,113,4499
10,113,4500
10,113,4501
10,113,4502
10,113,4503
10,113,4504
10,113,4505
10,113,4506
10,113,4507
10,113,4508
10,113,4509
10,113,4510
10,113,4511
10,113,4512
10,113,4513
10,113,4514
10,113,4515
10,113,4516
10,113,4517
10,113,4518
10,113,4519
10,113,4520
10,113,4521
10,113,4522
10,113,4523
10,113,4524
10,113,4525
10,113,4526
10,114,4527
10,114,4528
10,114,4529
10,114,4530
10,114,4531
10,114,4532
10,114,4533
10,114,4534
10,114,4535
10,114,4536
10,114,4537
10,114,4538
10,114,4539
10,114,4540
10,114,4541
10,114,4542
10,114,4543
10,114,4544
10,114,4545
10,114,4546
10,114,4547
10,114,4548
10,114,4549
10,114,4550
10,114,4551
10,114,4552
10,114,4553
10,114,4554
10,114,4555
10,114,4556
10,114,4557
10,114,4558
10,114,4559
10,114,4560
10,114,4561
10,114,4562
10,114,4563
10,114,4564
10,114,4565
10,114,4566
10,114,4567
10,114,4568
10,114,4569
10,114,4570
10,114,4571
10,114,4572
10,114,4573
10,114,4574
10,114,4575
10,114,4576
10,114,4577
10,114,4578
10,114,4579
10,114,4580
10,114,4581
10,114,4582
10,114,4583
10,114,4584
10,114,4585
10,114,4586
10,114,4587
10,114,4588
10,114,4589
10,114,4590
10,115,4591
10,115,4592
10,116,4593
10,116,4594
10,116,4595
10,117,4596
10,117,4597
10,117,4598
10,117,4599
10,117,4600
10,117,4601
10,117,4602
10,117,4603
10,117,4604
10,117,4605
10,117,4606
10,117,4607
10,117,4608
10,117,4609
10,117,4610
10,117,4611
10,117,4612
10,117,4613
10,117,4614
10,117,4615
10,117,4616
10,117,4617
10,117,4618
10,117,4619
10,117,4620
10,117,4621
10,117,4622
10,117,4623
10,117,4624
10,117,4625
10,117,4626
10,117,4627
10,117,4628
10,117,4629
10,117,4630
10,117,4631
10,117,4632
10,117,4633
10,117,4634
10,117,4635
10,117,4636
10,117,4637
10,117,4638
10,117,4639
10,117,4640
10,117,4641
10,117,4642
10,117,4643
10,117,4644
10,117,4645
10,117,4646
10,117,4647
10,117,4648
10,117,4649
10,117,4650
10,117,4651
10,117,4652
10,117,4653
10,117,4654
10,117,4655
10,117,4656
10,117,4657
10,117,4658
10,117,4659
10,117,4660
10,118,4661
10,118,4662
10,118,4663
10,118,4664
10,118,4665
10,118,4666
10,118,4667
10,118,4668
10,118,4669
10,118,4670
10,118,4671
10,118,4672
10,118,4673
10,118,4674
10,118,4675
10,118,4676
10,118,4677
10,118,4678
10,118,4679
10,118,4680
10,118,4681
10,118,4682
10,118,4683
10,118,4684
10,118,4685
10,118,4686
10,118,4687
10,118,4688
10,118,4689
10,118,4690
10,118,4691
10,118,4692
10,118,4693
10,118,4694
10,118,4695
10,118,4696
10,118,4697
10,118,4698
10,118,4699
10,118,4700
10,118,4701
10,118,4702
10,118,4703
10,118,4704
10,118,4705
10,118,4706
10,118,4707
10,118,4708
10,118,4709
10,118,4710
10,118,4711
10,118,4712
10,118,4713
10,118,4714
10,118,4715
10,118,4716
10,118,4717
10,118,4718
10,118,4719
10,118,4720
10,118,4721
10,118,4722
10,106,8519
10,106,8520
10,106,8521
10,106,8522
10,106,8523
10,106,8524
10,106,8525
10,106,8526
10,106,8527
10,106,8528
10,106,8529
10,106,8530
10,106,8531
10,106,8532
10,106,8533
10,106,8534
10,106,8535
10,106,8536
10,106,8537
10,106,8538
10,106,8539
10,106,8540
10,106,8541
10,106,8542
10,106,8543
10,106,8544
10,106,8545
10,106,8546
10,106,8547
10,106,8548
10,106,8549
10,106,8550
10,106,8551
10,106,8552
10,106,8553
10,106,8554
10,106,8555
10,106,8556
10,106,8557
10,106,8558
10,106,8559
10,106,8560
10,106,8561
10,106,8562
10,106,8563
10,106,8564
10,106,8565
10,106,8566
10,106,8567
10,106,8568
10,106,8569
10,106,8570
10,106,8571
10,106,8572
10,106,8573
10,106,8574
10,106,8575
10,106,8576
10,106,8577
10,106,8578
10,106,8579
10,106,8580
10,106,8581
10,107,8582
10,107,8583
10,107,8584
10,107,8585
10,107,8586
10,107,8587
10,107,8588
10,107,8589
10,107,8590
10,107,8591
10,107,8592
10,107,8593
10,107,8594
10,107,8595
10,107,8596
10,107,8597
10,107,8598
10,107,8599
10,107,8600
10,107,8601
10,107,8602
10,107,8603
10,107,8604
10,107,8605
10,107,8606
10,107,8607
10,107,8608
10,107,8609
10,107,8610
10,107,8611
10,107,8612
10,107,8613
10,107,8614
10,107,8615
10,107,8616
10,107,8617
10,107,8618
10,107,8619
10,107,8620
10,107,8621
10,107,8622
10,107,8623
10,107,8624
10,107,8625
10,107,8626
10,107,8627
10,107,8628
10,107,8629
10,107,8630
10,107,8631
10,107,8632
10,107,8633
10,107,8634
10,107,8635
10,107,8636
10,107,8637
10,107,8638
10,107,8639
10,108,8640
10,108,8641
10,108,8642
10,108,8643
10,108,8644
10,108,8645
10,108,8646
10,108,8647
10,108,8648
10,108,8649
10,108,8650
10,108,8651
10,108,8652
10,108,8653
10,108,8654
10,108,8655
10,108,8656
10,108,8657
10,108,8658
10,108,8659
10,108,8660
10,108,8661
10,108,8662
10,108,8663
10,108,8664
10,108,8665
10,108,8666
10,108,8667
10,108,8668
10,108,8669
10,108,8670
10,108,8671
10,108,8672
10,108,8673
10,108,8674
10,108,8675
10,108,8676
10,108,8677
10,108,8678
10,108,8679
10,108,8680
10,108,8681
10,108,8682
10,108,8683
10,108,8684
10,108,8685
10,108,8686
10,108,8687
10,108,8688
10,108,8689
10,108,8690
10,108,8691
10,108,8692
10,108,8693
10,108,8694
10,108,8695
10,108,8696
10,108,8697
10,108,8698
10,108,8699
10,109,8700
10,109,8701
10,109,8702
10,109,8703
10,109,8704
10,109,8705
10,109,8706
10,109,8707
10,109,8708
10,109,8709
10,109,8710
10,109,8711
10,109,8712
10,109,8713
10,109,8714
10,109,8715
10,109,8716
10,109,8717
10,109,8718
10,109,8719
10,109,8720
10,109,8721
10,109,8722
10,109,8723
10,109,8724
10,109,8725
10,109,8726
10,109,8727
10,109,8728
10,109,8729
10,109,8730
10,109,8731
10,109,8732
10,109,8733
10,109,8734
10,109,8735
10,109,8736
10,109,8737
10,109,8738
10,109,8739
10,109,8740
10,109,8741
10,109,8742
10,109,8743
10,109,8744
10,109,8745
10,109,8746
10,109,8747
10,109,8748
10,109,8749
10,109,8750
10,109,8751
10,109,8752
10,109,8753
10,109,8754
10,109,8755
10,109,8756
10,109,8757
10,109,8758
10,109,8759
10,109,8760
10,109,8761
10,109,8762
10,110,8763
10,110,8764
10,111,8765
10,111,8766
10,112,8767
10,112,8768
10,112,8769
10,112,8770
10,112,8771
10,112,8772
10,112,8773
10,112,8774
10,112,8775
10,112,8776
10,112,8777
10,112,8778
10,112,8779
10,112,8780
10,112,8781
10,112,8782
10,112,8783
10,112,8784
10,112,8785
10,112,8786
10,112,8787
10,112,8788
10,112,8789
10,112,8790
10,112,8791
10,112,8792
10,112,8793
10,112,8794
10,112,8795
10,112,8796
10,112,8797
10,112,8798
10,112,8799
10,112,8800
10,112,8801
10,112,8802
10,112,8803
10,112,8804
10,112,8805
10,112,8806
10,112,8807
10,112,8808
10,112,8809
10,112,8810
10,112,8811
10,112,8812
10,112,8813
10,112,8814
10,112,8815
10,112,8816
10,112,8817
10,112,8818
10,112,8819
10,112,8820
10,112,8821
10,112,8822
10,112,8823
10,112,8824
10,112,8825
10,112,8826
10,112,8827
10,112,8828
10,112,8829
10,112,8830
10,113,8831
10,113,8832
10,113,8833
10,113,8834
10,113,8835
10,113,8836
10,113,8837
10,113,8838
10,113,8839
10,113,8840
10,113,8841
10,113,8842
10,113,8843
10,113,8844
10,113,8845
10,113,8846
10,113,8847
10,113,8848
10,113,8849
10,113,8850
10,113,8851
10,113,8852
10,113,8853
10,113,8854
10,113,8855
10,113,8856
10,113,8857
10,113,8858
10,113,8859
10,113,8860
10,113,8861
10,113,8862
10,113,8863
10,113,8864
10,113,8865
10,113,8866
10,113,8867
10,113,8868
10,113,8869
10,113,8870
10,113,8871
10,113,8872
10,113,8873
10,113,8874
10,113,8875
10,113,8876
10,113,8877
10,113,8878
10,113,8879
10,113,8880
10,113,8881
10,113,8882
10,113,8883
10,113,8884
10,113,8885
10,113,8886
10,113,8887
10,113,8888
10,113,8889
10,113,8890
10,114,8891
10,114,8892
10,114,8893
10,114,8894
10,114,8895
10,114,8896
10,114,8897
10,114,8898
10,114,8899
10,114,8900
10,114,8901
10,114,8902
10,114,8903
10,114,8904
10,114,8905
10,114,8906
10,114,8907
10,114,8908
10,114,8909
10,114,8910
10,114,8911
10,114,8912
10,114,8913
10,114,8914
10,114,8915
10,114,8916
10,114,8917
10,114,8918
10,114,8919
10,114,8920
10,114,8921
10,114,8922
10,114,8923
10,114,8924
10,114,8925
10,114,8926
10,114,8927
10,114,8928
10,114,8929
10,114,8930
10,114,8931
10,114,8932
10,114,8933
10,114,8934
10,114,8935
10,114,8936
10,114,8937
10,114,8938
10,114,8939
10,114,8940
10,114,8941
10,114,8942
10,114,8943
10,114,8944
10,114,8945
10,114,8946
10,114,8947
10,114,8948
10,114,8949
10,114,8950
10,114,8951
10,114,8952
10,114,8953
10,115,8954
10,115,8955
10,115,8956
10,116,8957
10,116,8958
10,116,8959
10,116,8960
10,117,8961
10,117,8962
10,117,8963
10,117,8964
10,117,8965
10,117,8966
10,117,8967
10,117,8968
10,117,8969
10,117,8970
10,117,8971
10,117,8972
10,117,8973
10,117,8974
10,117,8975
10,117,8976
10,117,8977
10,117,8978
10,117,8979
10,117,8980
10,117,8981
10,117,8982
10,117,8983
10,117,8984
10,117,8985
10,117,8986
10,117,8987
10,117,8988
10,117,8989
10,117,8990
10,117,8991
10,117,8992
10,117,8993
10,117,8994
10,117,8995
10,117,8996
10,117,8997
10,117,8998
10,117,8999
10,117,9000
10,117,9001
10,117,9002
10,117,9003
10,117,9004
10,117,9005
10,117,9006
10,117,9007
10,117,9008
10,117,9009
10,117,9010
10,117,9011
10,117,9012
10,117,9013
10,117,9014
10,117,9015
10,117,9016
10,117,9017
10,117,9018
10,117,9019
10,117,9020
10,117,9021
10,117,9022
10,117,9023
10,117,9024
10,117,9025
10,117,9026
10,118,9027
10,118,9028
10,118,9029
10,118,9030
10,118,9031
10,118,9032
10,118,9033
10,118,9034
10,118,9035
10,118,9036
10,118,9037
10,118,9038
10,118,9039
10,118,9040
10,118,9041
10,118,9042
10,118,9043
10,118,9044
10,118,9045
10,118,9046
10,118,9047
10,118,9048
10,118,9049
10,118,9050
10,118,9051
10,118,9052
10,118,9053
10,118,9054
10,118,9055
10,118,9056
10,118,9057
10,118,9058
10,118,9059
10,118,9060
10,118,9061
10,118,9062
10,118,9063
10,118,9064
10,118,9065
10,118,9066
10,118,9067
10,118,9068
10,118,9069
10,118,9070
10,118,9071
10,118,9072
10,118,9073
10,118,9074
10,118,9075
10,118,9076
10,118,9077
10,118,9078
10,118,9079
10,118,9080
10,118,9081
10,118,9082
10,118,9083
10,118,9084
10,118,9085
10,118,9086
10,118,9087
10,118,9088
107,128,9181
107,128,9182
107,128,9183
107,128,9184
107,128,9185
107,128,9186
107,128,9187
107,128,9188
107,129,9189
107,128,9190
107,128,9191
107,128,9192
107,128,9193
107,128,9194
107,128,9195
107,128,9196
107,128,9197
107,129,9198
107,129,9199
107,129,9200
107,130,9201
107,130,9202
107,130,9203
107,130,9204
107,130,9205
107,130,9206
107,130,9207
107,130,9208
107,130,9209
107,130,9210
107,130,9211
107,130,9212
107,130,9213
107,130,9214
107,130,9215
107,130,9216
107,130,9217
107,130,9218
107,130,9219
107,130,9220
107,131,9221
107,131,9222
107,131,9223
107,131,9224
107,131,9225
107,131,9226
107,131,9227
107,131,9228
107,132,9229
107,131,9230
107,131,9231
107,131,9232
107,131,9233
107,131,9234
107,131,9235
107,131,9236
107,131,9237
107,132,9238
107,132,9239
107,132,9240
107,133,9241
107,133,9242
107,133,9243
107,133,9244
107,133,9245
107,133,9246
107,133,9247
107,133,9248
107,133,9249
107,133,9250
107,133,9251
107,133,9252
107,133,9253
107,128,9333
107,128,9334
107,128,9335
107,128,9336
107,129,9337
107,128,9338
107,128,9339
107,128,9340
107,128,9341
107,128,9342
107,128,9343
107,128,9344
107,128,9345
107,128,9346
107,128,9347
107,129,9348
107,129,9349
107,129,9350
107,130,9351
107,130,9352
107,130,9353
107,130,9354
107,130,9355
107,130,9356
107,130,9357
107,130,9358
107,130,9359
107,130,9360
107,130,9361
107,130,9362
107,130,9363
107,130,9364
107,130,9365
107,130,9366
107,130,9367
107,130,9368
107,131,9369
107,131,9370
107,131,9371
107,131,9372
107,132,9373
107,131,9374
107,131,9375
107,131,9376
107,131,9377
107,131,9378
107,131,9379
107,131,9380
107,131,9381
107,131,9382
107,131,9383
107,132,9384
107,132,9385
107,132,9386
107,133,9387
107,133,9388
107,133,9389
107,133,9390
107,133,9391
107,133,9392
107,133,9393
107,133,9394
107,133,9395
107,133,9396
107,133,9397
112,137,9430
112,137,9431
112,137,9432
112,137,9433
112,137,9434
112,137,9435
112,137,9436
112,137,9437
112,137,9438
112,137,9439
112,137,9440
112,137,9451
112,137,9452
112,137,9453
112,137,9454
112,137,9455
112,137,9456
112,137,9457
112,137,9458
112,137,9459
112,137,9460
113,150,9520
113,150,9521
113,150,9522
113,150,9523
113,151,9524
113,151,9525
113,151,9526
113,151,9527
113,152,9528
113,152,9529
113,152,9530
113,152,9531
113,153,9532
113,153,9533
113,153,9534
113,153,9535
113,154,9536
113,154,9537
113,154,9538
113,154,9539
113,155,9540
113,155,9541
113,155,9542
113,155,9543
114,162,9556
114,162,9557
114,163,9558
114,164,9559
114,164,9560
114,163,9561
114,165,9562
114,166,9563
114,166,9564
114,162,9577
114,162,9578
114,163,9579
114,164,9580
114,164,9581
114,163,9582
114,165,9583
114,166,9584
114,166,9585
115,168,9598
115,168,9599
115,168,9600
115,168,9601
115,168,9602
115,168,9603
115,154,9604
115,154,9605
115,154,9606
115,154,9607
115,154,9608
115,154,9609
115,168,9622
115,168,9623
115,168,9624
115,168,9625
115,168,9626
115,168,9627
115,154,9628
115,154,9629
115,154,9630
115,154,9631
115,154,9632
115,154,9633
116,168,9658
116,168,9659
116,168,9660
116,168,9661
116,168,9662
116,168,9663
116,168,9664
116,168,9665
116,168,9666
116,168,9667
116,168,9668
116,168,9669
116,154,9670
116,154,9671
116,154,9672
116,154,9673
116,154,9674
116,154,9675
116,154,9676
116,154,9677
116,154,9678
116,154,9679
116,154,9680
116,154,9681
116,168,9708
116,168,9709
116,168,9710
116,168,9711
116,168,9712
116,168,9713
116,168,9714
116,168,9715
116,168,9716
116,168,9717
116,168,9718
116,168,9719
116,154,9720
116,154,9721
116,154,9722
116,154,9723
116,154,9724
116,154,9725
116,154,9726
116,154,9727
116,154,9728
116,154,9729
116,154,9730
116,154,9731
116,154,9732
117,168,9757
117,168,9758
117,168,9759
117,168,9760
117,168,9761
117,168,9762
117,168,9763
117,168,9764
117,168,9765
117,168,9766
117,168,9767
117,168,9768
117,154,9769
117,154,9770
117,154,9771
117,154,9772
117,154,9773
117,154,9774
117,154,9775
117,154,9776
117,154,9777
117,154,9778
117,154,9779
117,154,9780
117,168,9805
117,168,9806
117,168,9807
117,168,9808
117,168,9809
117,168,9810
117,168,9811
117,168,9812
117,168,9813
117,168,9814
117,168,9815
117,168,9816
117,154,9817
117,154,9818
117,154,9819
117,154,9820
117,154,9821
117,154,9822
117,154,9823
117,154,9824
117,154,9825
117,154,9826
117,154,9827
117,154,9828
118,168,9831
118,154,9832
118,168,9835
118,154,9836
12,188,10218
12,188,10219
12,188,10220
12,188,10221
12,188,10222
12,188,10223
12,188,10224
12,188,10225
12,188,10226
12,188,10227
12,188,10228
12,188,10229
12,188,10230
12,188,10231
12,188,10232
12,188,10233
12,188,10234
12,188,10235
12,188,10236
12,188,10237
12,188,10238
12,188,10239
12,188,10240
12,188,10241
12,188,10242
12,188,10243
12,188,10244
12,188,10245
12,188,10246
12,188,10247
12,188,10248
12,188,10249
12,188,10250
12,188,10251
12,188,10252
12,188,10253
12,188,10254
12,188,10255
12,188,10256
12,188,10257
12,188,10258
12,188,10259
12,188,10260
12,188,10261
12,188,10262
12,188,10263
12,188,10264
12,188,10265
12,188,10266
12,188,10267
12,188,10268
12,188,10269
12,188,10270
12,188,10271
12,188,10272
12,188,10273
12,188,10274
12,188,10275
12,188,10276
12,188,10277
12,188,10278
12,188,10279
12,188,10280
12,188,10281
12,188,10282
12,188,10283
12,188,10284
12,188,10285
12,188,10286
12,188,10287
12,188,10288
12,188,10289
12,188,10290
12,188,10291
12,189,10292
12,189,10293
12,189,10294
12,189,10295
12,189,10296
12,13,10297
12,13,10298
12,13,10299
12,190,10300
12,190,10301
12,190,10302
12,190,10303
12,188,10304
12,188,10722
12,188,10723
12,188,10724
12,188,10725
12,188,10726
12,188,10727
12,188,10728
12,188,10729
12,188,10730
12,188,10731
12,188,10732
12,188,10733
12,188,10734
12,188,10735
12,188,10736
12,188,10737
12,188,10738
12,188,10739
12,188,10740
12,188,10741
12,188,10742
12,188,10743
12,188,10744
12,188,10745
12,188,10746
12,188,10747
12,188,10748
12,188,10749
12,188,10750
12,188,10751
12,188,10752
12,188,10753
12,188,10754
12,188,10755
12,188,10756
12,188,10757
12,188,10758
12,188,10759
12,188,10760
12,188,10761
12,188,10762
12,188,10763
12,188,10764
12,188,10765
12,188,10766
12,188,10767
12,188,10768
12,188,10769
12,188,10770
12,188,10771
12,188,10772
12,188,10773
12,188,10774
12,188,10775
12,188,10776
12,188,10777
12,188,10778
12,188,10779
12,188,10780
12,188,10781
12,188,10782
12,188,10783
12,188,10784
12,188,10785
12,188,10786
12,188,10787
12,188,10788
12,188,10789
12,188,10790
12,188,10791
12,188,10792
12,188,10793
12,188,10794
12,188,10795
12,188,10796
12,189,10797
12,189,10798
12,189,10799
12,189,10800
12,189,10801
12,189,10802
12,189,10803
12,189,10804
12,189,10805
12,13,10806
12,13,10807
12,13,10808
12,13,10809
12,13,10810
12,13,10811
12,14,10812
12,14,10813
12,14,10814
12,14,10815
12,14,10816
12,14,10817
12,15,10818
12,15,10819
12,15,10820
12,15,10821
12,15,10822
12,15,10823
12,188,10824
120,209,10939
120,209,10940
120,209,10941
120,209,10942
120,209,10943
120,209,10944
120,209,10945
120,209,10946
120,209,10947
120,209,10948
120,209,10949
120,209,10950
120,209,10951
120,209,10952
120,209,10953
120,209,10954
120,209,10955
120,210,10956
120,210,10957
120,211,10958
120,211,10959
120,212,10960
120,212,10961
120,212,10962
120,212,10963
120,212,10964
120,212,10965
120,212,10966
120,212,10967
120,212,10968
120,212,10969
120,212,10970
120,212,10971
120,212,10972
120,212,10973
120,212,10974
120,212,10975
120,212,10976
120,212,10977
120,212,10978
120,212,10979
120,212,10980
120,212,10981
120,212,10982
120,213,10983
120,213,10984
120,214,10985
120,214,10986
120,215,10987
120,215,10988
120,215,10989
120,215,10990
120,215,10991
120,215,10992
120,215,10993
120,215,10994
120,215,10995
120,215,10996
120,215,10997
120,215,10998
120,215,10999
120,215,11000
120,215,11001
120,215,11002
120,215,11003
120,216,11004
120,216,11005
120,217,11006
120,217,11007
120,218,11008
120,218,11009
120,218,11010
120,218,11011
120,218,11012
120,218,11013
120,218,11014
120,218,11015
120,218,11016
120,218,11017
120,218,11018
120,218,11019
120,218,11020
120,218,11021
120,218,11022
120,218,11023
120,218,11024
120,219,11025
120,219,11026
120,220,11027
120,220,11028
120,221,11029
120,221,11030
120,221,11031
120,221,11032
120,221,11033
120,221,11034
120,221,11035
120,221,11036
120,222,11037
120,222,11038
120,223,11039
120,223,11040
120,223,11041
120,223,11042
120,224,11043
120,224,11044
120,224,11045
120,224,11046
120,225,11047
120,225,11048
120,225,11049
120,225,11050
127,262,11387
127,262,11388
127,262,11389
127,262,11390
127,262,11391
127,262,11392
127,262,11393
127,262,11394
127,262,11395
127,262,11396
127,262,11397
127,262,11398
127,262,11399
127,262,11400
127,262,11401
127,262,11402
127,262,11403
127,262,11404
127,262,11405
127,262,11406
127,262,11407
127,262,11408
127,262,11409
127,262,11410
127,262,11411
127,262,11412
127,262,11413
127,262,11414
127,263,11415
127,263,11416
127,263,11417
127,263,11418
127,263,11419
127,263,11420
127,263,11421
127,263,11422
127,263,11423
127,263,11424
127,263,11425
127,263,11426
127,263,11427
127,263,11428
127,263,11429
127,263,11430
127,263,11431
127,263,11432
127,263,11433
127,264,11434
127,264,11435
127,264,11436
127,264,11437
127,262,11494
127,262,11495
127,262,11496
127,262,11497
127,262,11498
127,262,11499
127,262,11500
127,262,11501
127,262,11502
127,262,11503
127,262,11504
127,262,11505
127,262,11506
127,262,11507
127,262,11508
127,262,11509
127,262,11510
127,262,11511
127,262,11512
127,262,11513
127,262,11514
127,262,11515
127,262,11516
127,262,11517
127,262,11518
127,262,11519
127,262,11520
127,262,11521
127,263,11522
127,263,11523
127,263,11524
127,263,11525
127,263,11526
127,263,11527
127,263,11528
127,263,11529
127,263,11530
127,263,11531
127,263,11532
127,263,11533
127,263,11534
127,263,11535
127,263,11536
127,263,11537
127,263,11538
127,264,11539
127,264,11540
127,264,11541
127,264,11542
128,269,11605
128,269,11606
128,269,11607
128,269,11608
128,269,11609
128,269,11610
128,269,11611
128,269,11612
128,269,11613
128,269,11614
128,269,11615
128,269,11616
128,269,11617
128,269,11618
128,269,11619
128,269,11620
128,269,11621
128,269,11622
128,269,11623
128,269,11624
128,269,11625
128,269,11626
128,269,11627
128,270,11628
128,270,11629
128,270,11630
128,270,11631
128,270,11632
128,270,11633
128,270,11634
128,270,11635
128,270,11636
128,270,11637
128,270,11638
128,270,11639
128,270,11640
128,270,11641
128,270,11642
128,270,11643
128,271,11644
128,271,11645
128,271,11646
128,271,11647
128,271,11648
128,271,11649
128,269,11713
128,269,11714
128,269,11715
128,269,11716
128,269,11717
128,269,11718
128,269,11719
128,269,11720
128,269,11721
128,269,11722
128,269,11723
128,269,11724
128,269,11725
128,269,11726
128,269,11727
128,269,11728
128,269,11729
128,269,11730
128,269,11731
128,269,11732
128,269,11733
128,269,11734
128,270,11735
128,270,11736
128,270,11737
128,270,11738
128,270,11739
128,270,11740
128,270,11741
128,270,11742
128,270,11743
128,270,11744
128,270,11745
128,270,11746
128,270,11747
128,270,11748
128,270,11749
128,270,11750
128,270,11751
128,270,11752
128,271,11753
128,271,11754
128,271,11755
128,271,11756
128,271,11757
128,271,11758
129,274,11783
129,274,11784
129,274,11785
129,274,11786
129,274,11787
129,274,11788
129,274,11789
129,274,11790
129,274,11791
129,274,11792
129,274,11793
129,274,11794
129,275,11795
129,275,11796
129,275,11797
129,275,11798
129,275,11799
129,275,11800
129,275,11801
129,274,11826
129,274,11827
129,274,11828
129,274,11829
129,274,11830
129,274,11831
129,274,11832
129,274,11833
129,274,11834
129,274,11835
129,274,11836
129,274,11837
129,275,11838
129,275,11839
129,275,11840
129,275,11841
129,275,11842
129,275,11843
129,275,11844
13,277,11883
13,277,11884
13,277,11885
13,277,11886
13,277,11887
13,277,11888
13,277,11889
13,277,11890
13,277,11891
13,277,11892
13,277,11893
13,277,11894
13,277,11895
13,277,11896
13,277,11897
13,277,11898
13,277,11899
13,277,11900
13,277,11901
13,277,11902
13,277,11903
13,277,11904
13,277,11905
13,277,11906
13,277,11907
13,277,11908
13,277,11909
13,277,11910
13,277,11911
13,277,11912
13,277,11913
13,277,11914
13,277,11915
13,277,11916
13,277,11917
13,277,11918
13,277,11919
13,277,11920
13,277,11958
13,277,11959
13,277,11960
13,277,11961
13,277,11962
13,277,11963
13,277,11964
13,277,11965
13,277,11966
13,277,11967
13,277,11968
13,277,11969
13,277,11970
13,277,11971
13,277,11972
13,277,11973
13,277,11974
13,277,11975
13,277,11976
13,277,11977
13,277,11978
13,277,11979
13,277,11980
13,277,11981
13,277,11982
13,277,11983
13,277,11984
13,277,11985
13,277,11986
13,277,11987
13,277,11988
13,277,11989
13,277,11990
13,277,11991
13,277,11992
13,277,11993
13,277,11994
130,279,12004
130,279,12005
130,279,12006
130,279,12007
130,279,12008
130,279,12009
130,279,12010
130,279,12011
130,279,12012
130,279,12022
130,279,12023
130,279,12024
130,279,12025
130,279,12026
130,279,12027
130,279,12028
130,279,12029
130,279,12030
131,137,12148
131,137,12149
131,137,12150
131,137,12151
131,137,12152
131,137,12153
131,137,12154
131,137,12155
131,137,12156
131,137,12157
131,137,12158
131,137,12159
131,137,12160
131,137,12161
131,137,12162
131,137,12163
131,137,12164
131,137,12165
131,137,12166
131,137,12167
131,137,12168
131,137,12169
131,137,12170
131,137,12171
131,137,12172
131,137,12173
131,137,12174
131,137,12175
131,137,12176
131,137,12177
131,137,12178
131,137,12179
131,137,12180
131,137,12181
131,137,12182
131,137,12183
131,137,12184
131,137,12185
131,137,12186
131,281,12187
131,133,12188
131,133,12189
131,133,12190
131,133,12191
131,133,12192
131,133,12193
131,133,12194
131,133,12195
131,133,12196
131,133,12197
131,133,12198
131,133,12199
131,133,12200
131,133,12201
131,133,12202
131,133,12203
131,133,12204
131,133,12205
131,133,12206
131,133,12207
131,133,12208
131,133,12209
131,133,12210
131,133,12211
131,133,12212
131,133,12213
131,133,12214
131,133,12215
131,281,12216
131,281,12217
131,281,12218
131,281,12219
131,281,12220
131,281,12221
131,281,12222
131,281,12223
131,281,12224
131,281,12225
131,282,12226
131,282,12227
131,282,12228
131,282,12229
131,282,12230
131,282,12231
131,282,12232
131,282,12233
131,282,12234
131,282,12235
131,282,12236
131,283,12237
131,283,12238
131,283,12239
131,283,12240
131,283,12241
131,283,12242
131,283,12243
131,283,12244
131,283,12245
131,283,12246
131,283,12247
131,284,12248
131,284,12249
131,284,12250
131,284,12251
131,284,12252
131,284,12253
131,284,12254
131,284,12255
131,284,12256
131,284,12257
131,284,12258
131,285,12259
131,285,12260
131,285,12261
131,285,12262
131,285,12263
131,285,12264
131,285,12265
131,285,12266
131,285,12267
131,286,12268
131,286,12269
131,286,12270
131,286,12271
131,286,12272
131,286,12273
131,286,12274
131,137,12392
131,137,12393
131,137,12394
131,137,12395
131,137,12396
131,137,12397
131,137,12398
131,137,12399
131,137,12400
131,137,12401
131,137,12402
131,137,12403
131,137,12404
131,137,12405
131,137,12406
131,137,12407
131,137,12408
131,137,12409
131,137,12410
131,137,12411
131,137,12412
131,137,12413
131,137,12414
131,137,12415
131,137,12416
131,137,12417
131,137,12418
131,137,12419
131,137,12420
131,137,12421
131,137,12422
131,137,12423
131,137,12424
131,137,12425
131,137,12426
131,137,12427
131,137,12428
131,137,12429
131,137,12430
131,281,12431
131,133,12432
131,133,12433
131,133,12434
131,133,12435
131,133,12436
131,133,12437
131,133,12438
131,133,12439
131,133,12440
131,133,12441
131,133,12442
131,133,12443
131,133,12444
131,133,12445
131,133,12446
131,133,12447
131,133,12448
131,133,12449
131,133,12450
131,133,12451
131,133,12452
131,133,12453
131,133,12454
131,133,12455
131,133,12456
131,133,12457
131,133,12458
131,133,12459
131,281,12460
131,281,12461
131,281,12462
131,281,12463
131,281,12464
131,281,12465
131,281,12466
131,281,12467
131,281,12468
131,281,12469
131,282,12470
131,282,12471
131,282,12472
131,282,12473
131,282,12474
131,282,12475
131,282,12476
131,282,12477
131,282,12478
131,282,12479
131,282,12480
131,283,12481
131,283,12482
131,283,12483
131,283,12484
131,283,12485
131,283,12486
131,283,12487
131,283,12488
131,283,12489
131,283,12490
131,283,12491
131,284,12492
131,284,12493
131,284,12494
131,284,12495
131,284,12496
131,284,12497
131,284,12498
131,284,12499
131,284,12500
131,284,12501
131,284,12502
131,285,12503
131,285,12504
131,285,12505
131,285,12506
131,285,12507
131,285,12508
131,285,12509
131,285,12510
131,285,12511
131,285,12512
131,286,12513
131,286,12514
131,286,12515
131,286,12516
131,286,12517
131,286,12518
131,286,12519
131,286,12520
132,291,12533
132,291,12534
132,292,12535
132,292,12536
132,292,12537
132,291,12538
132,293,12539
132,293,12540
132,293,12541
133,307,12564
133,308,12565
133,309,12566
133,310,12567
133,311,12568
133,311,12569
133,311,12570
133,312,12571
133,312,12572
133,312,12573
133,313,12574
133,313,12575
133,313,12576
133,314,12577
133,315,12578
133,315,12579
133,315,12580
133,314,12581
133,316,12582
133,317,12583
133,318,12584
133,319,12585
133,307,12608
133,308,12609
133,309,12610
133,310,12611
133,311,12612
133,311,12613
133,311,12614
133,312,12615
133,312,12616
133,312,12617
133,313,12618
133,313,12619
133,313,12620
133,314,12621
133,315,12622
133,315,12623
133,315,12624
133,314,12625
133,316,12626
133,317,12627
133,318,12628
133,319,12629
14,325,12685
14,325,12686
14,325,12687
14,325,12688
14,325,12689
14,325,12690
14,325,12691
14,325,12692
14,325,12693
14,325,12694
14,325,12695
14,325,12696
14,325,12697
14,325,12698
14,325,12699
14,325,12700
14,325,12701
14,325,12702
14,325,12703
14,325,12704
14,325,12705
14,325,12706
14,325,12707
14,325,12708
14,325,12709
14,325,12710
14,325,12711
14,325,12712
14,325,12713
14,325,12714
14,325,12715
14,326,12716
14,326,12717
14,326,12718
14,326,12719
14,326,12720
14,326,12721
14,326,12722
14,326,12723
14,326,12724
14,326,12725
14,326,12726
14,326,12727
14,326,12728
14,326,12729
14,326,12730
14,326,12731
14,326,12732
14,326,12733
14,326,12734
14,326,12735
14,326,12736
14,326,12737
14,326,12738
14,326,12739
14,326,12740
14,326,12741
14,326,12742
14,326,12743
14,326,12744
14,326,12745
14,326,12746
14,325,12779
14,325,12780
14,325,12781
14,325,12782
14,325,12783
14,325,12784
14,325,12785
14,325,12786
14,325,12787
14,325,12788
14,325,12789
14,325,12790
14,325,12791
14,325,12792
14,325,12793
14,325,12794
14,325,12795
14,325,12796
14,325,12797
14,325,12798
14,325,12799
14,325,12800
14,325,12801
14,325,12802
14,325,12803
14,325,12804
14,325,12805
14,325,12806
14,325,12807
14,325,12808
14,325,12809
14,325,12810
14,326,12811
14,326,12812
14,326,12813
14,326,12814
14,326,12815
14,326,12816
14,326,12817
14,326,12818
14,326,12819
14,326,12820
14,326,12821
14,326,12822
14,326,12823
14,326,12824
14,326,12825
14,326,12826
14,326,12827
14,326,12828
14,326,12829
14,326,12830
14,326,12831
14,326,12832
14,326,12833
14,326,12834
14,326,12835
14,326,12836
14,326,12837
14,326,12838
14,326,12839
14,326,12840
14,326,12841
14,326,12842
15,330,13081
15,330,13082
15,330,13083
15,330,13084
15,330,13085
15,330,13086
15,330,13087
15,330,13088
15,330,13089
15,330,13090
15,330,13091
15,330,13092
15,330,13093
15,330,13094
15,330,13095
15,330,13096
15,330,13097
15,330,13098
15,330,13099
15,330,13100
15,330,13101
15,330,13102
15,330,13103
15,330,13104
15,330,13105
15,330,13106
15,330,13107
15,330,13108
15,330,13109
15,330,13110
15,330,13111
15,330,13112
15,330,13113
15,330,13114
15,330,13115
15,330,13116
15,330,13117
15,330,13118
15,330,13119
15,330,13120
15,330,13121
15,330,13122
15,330,13123
15,330,13124
15,330,13125
15,330,13126
15,330,13127
15,330,13128
15,330,13129
15,330,13130
15,330,13131
15,330,13132
15,330,13133
15,330,13134
15,330,13135
15,330,13136
15,330,13137
15,330,13138
15,330,13139
15,330,13140
15,330,13141
15,330,13142
15,330,13143
15,331,13144
15,331,13145
15,331,13146
15,331,13147
15,331,13148
15,331,13149
15,331,13150
15,331,13151
15,331,13152
15,331,13153
15,331,13154
15,331,13155
15,331,13156
15,331,13157
15,331,13158
15,331,13159
15,331,13160
15,331,13161
15,331,13162
15,331,13163
15,331,13164
15,331,13165
15,331,13166
15,331,13167
15,331,13168
15,331,13169
15,331,13170
15,331,13171
15,331,13172
15,331,13173
15,331,13174
15,331,13175
15,331,13176
15,331,13177
15,331,13178
15,331,13179
15,331,13180
15,331,13181
15,331,13182
15,331,13183
15,331,13184
15,331,13185
15,331,13186
15,331,13187
15,331,13188
15,331,13189
15,331,13190
15,331,13191
15,331,13192
15,331,13193
15,331,13194
15,331,13195
15,331,13196
15,331,13197
15,331,13198
15,331,13199
15,331,13200
15,331,13201
15,332,13202
15,332,13203
15,332,13204
15,332,13205
15,332,13206
15,332,13207
15,332,13208
15,332,13209
15,332,13210
15,332,13211
15,332,13212
15,332,13213
15,332,13214
15,332,13215
15,332,13216
15,332,13217
15,332,13218
15,332,13219
15,332,13220
15,332,13221
15,332,13222
15,332,13223
15,332,13224
15,332,13225
15,332,13226
15,332,13227
15,332,13228
15,332,13229
15,332,13230
15,332,13231
15,332,13232
15,332,13233
15,332,13234
15,332,13235
15,332,13236
15,332,13237
15,332,13238
15,332,13239
15,332,13240
15,332,13241
15,332,13242
15,332,13243
15,332,13244
15,332,13245
15,332,13246
15,332,13247
15,332,13248
15,332,13249
15,332,13250
15,332,13251
15,332,13252
15,332,13253
15,332,13254
15,332,13255
15,332,13256
15,332,13257
15,332,13258
15,332,13259
15,332,13260
15,332,13261
15,332,13262
15,332,13263
15,332,13264
15,333,13265
15,333,13266
15,333,13267
15,333,13268
15,333,13269
15,333,13270
15,333,13271
15,333,13272
15,333,13273
15,333,13274
15,333,13275
15,333,13276
15,333,13277
15,333,13278
15,333,13279
15,333,13280
15,333,13281
15,333,13282
15,333,13283
15,333,13284
15,333,13285
15,333,13286
15,333,13287
15,333,13288
15,333,13289
15,333,13290
15,333,13291
15,333,13292
15,333,13293
15,333,13294
15,333,13295
15,333,13296
15,333,13297
15,333,13298
15,333,13299
15,333,13300
15,333,13301
15,333,13302
15,333,13303
15,333,13304
15,333,13305
15,333,13306
15,333,13307
15,333,13308
15,333,13309
15,333,13310
15,333,13311
15,333,13312
15,333,13313
15,333,13314
15,333,13315
15,333,13316
15,333,13317
15,333,13318
15,333,13319
15,333,13320
15,333,13321
15,333,13322
15,330,13563
15,330,13564
15,330,13565
15,330,13566
15,330,13567
15,330,13568
15,330,13569
15,330,13570
15,330,13571
15,330,13572
15,330,13573
15,330,13574
15,330,13575
15,330,13576
15,330,13577
15,330,13578
15,330,13579
15,330,13580
15,330,13581
15,330,13582
15,330,13583
15,330,13584
15,330,13585
15,330,13586
15,330,13587
15,330,13588
15,330,13589
15,330,13590
15,330,13591
15,330,13592
15,330,13593
15,330,13594
15,330,13595
15,330,13596
15,330,13597
15,330,13598
15,330,13599
15,330,13600
15,330,13601
15,330,13602
15,330,13603
15,330,13604
15,330,13605
15,330,13606
15,330,13607
15,330,13608
15,330,13609
15,330,13610
15,330,13611
15,330,13612
15,330,13613
15,330,13614
15,330,13615
15,330,13616
15,330,13617
15,330,13618
15,330,13619
15,330,13620
15,330,13621
15,330,13622
15,330,13623
15,331,13624
15,331,13625
15,331,13626
15,331,13627
15,331,13628
15,331,13629
15,331,13630
15,331,13631
15,331,13632
15,331,13633
15,331,13634
15,331,13635
15,331,13636
15,331,13637
15,331,13638
15,331,13639
15,331,13640
15,331,13641
15,331,13642
15,331,13643
15,331,13644
15,331,13645
15,331,13646
15,331,13647
15,331,13648
15,331,13649
15,331,13650
15,331,13651
15,331,13652
15,331,13653
15,331,13654
15,331,13655
15,331,13656
15,331,13657
15,331,13658
15,331,13659
15,331,13660
15,331,13661
15,331,13662
15,331,13663
15,331,13664
15,331,13665
15,331,13666
15,331,13667
15,331,13668
15,331,13669
15,331,13670
15,331,13671
15,331,13672
15,331,13673
15,331,13674
15,331,13675
15,331,13676
15,331,13677
15,331,13678
15,331,13679
15,331,13680
15,331,13681
15,330,13682
15,332,13683
15,332,13684
15,332,13685
15,332,13686
15,332,13687
15,332,13688
15,332,13689
15,332,13690
15,332,13691
15,332,13692
15,332,13693
15,332,13694
15,332,13695
15,332,13696
15,332,13697
15,332,13698
15,332,13699
15,332,13700
15,332,13701
15,332,13702
15,332,13703
15,332,13704
15,332,13705
15,332,13706
15,332,13707
15,332,13708
15,332,13709
15,332,13710
15,332,13711
15,332,13712
15,332,13713
15,332,13714
15,332,13715
15,332,13716
15,332,13717
15,332,13718
15,332,13719
15,332,13720
15,332,13721
15,332,13722
15,332,13723
15,332,13724
15,332,13725
15,332,13726
15,332,13727
15,332,13728
15,332,13729
15,332,13730
15,332,13731
15,332,13732
15,332,13733
15,332,13734
15,332,13735
15,332,13736
15,332,13737
15,332,13738
15,332,13739
15,332,13740
15,332,13741
15,332,13742
15,332,13743
15,333,13744
15,333,13745
15,333,13746
15,333,13747
15,333,13748
15,333,13749
15,333,13750
15,333,13751
15,333,13752
15,333,13753
15,333,13754
15,333,13755
15,333,13756
15,333,13757
15,333,13758
15,333,13759
15,333,13760
15,333,13761
15,333,13762
15,333,13763
15,333,13764
15,333,13765
15,333,13766
15,333,13767
15,333,13768
15,333,13769
15,333,13770
15,333,13771
15,333,13772
15,333,13773
15,333,13774
15,333,13775
15,333,13776
15,333,13777
15,333,13778
15,333,13779
15,333,13780
15,333,13781
15,333,13782
15,333,13783
15,333,13784
15,333,13785
15,333,13786
15,333,13787
15,333,13788
15,333,13789
15,333,13790
15,333,13791
15,333,13792
15,333,13793
15,333,13794
15,333,13795
15,333,13796
15,333,13797
15,333,13798
15,333,13799
15,333,13800
15,333,13801
15,332,13802
16,375,13923
16,375,13924
16,375,13925
16,375,13926
16,375,13927
16,375,13928
16,376,13929
16,377,13930
16,378,13931
16,379,13932
16,380,13933
16,381,13934
16,381,13935
16,381,13936
16,381,13937
16,381,13938
16,381,13939
16,382,13940
16,382,13941
16,382,13942
16,382,13943
16,383,13944
16,383,13945
16,383,13946
16,383,13947
16,383,13948
16,383,13949
16,384,13950
16,384,13951
16,385,13952
16,386,13953
16,387,13954
16,387,13955
16,388,13956
16,388,13957
16,389,13958
16,389,13959
16,389,13960
16,389,13961
16,389,13962
16,389,13963
16,390,13964
16,390,13965
16,390,13966
16,390,13967
16,390,13968
16,375,14070
16,375,14071
16,375,14072
16,375,14073
16,375,14074
16,375,14075
16,375,14076
16,377,14077
16,381,14078
16,381,14079
16,381,14080
16,381,14081
16,381,14082
16,382,14083
16,382,14084
16,382,14085
16,382,14086
16,381,14087
16,383,14088
16,383,14089
16,383,14090
16,383,14091
16,383,14092
16,383,14093
16,383,14094
16,384,14095
16,385,14096
16,387,14097
16,388,14098
16,389,14099
16,389,14100
16,389,14101
16,389,14102
16,389,14103
16,389,14104
16,389,14105
16,390,14106
16,390,14107
16,390,14108
16,390,14109
16,390,14110
17,469,14311
17,469,14312
17,469,14313
17,469,14314
17,469,14315
17,469,14316
17,470,14317
17,470,14318
17,471,14319
17,472,14320
17,472,14321
17,472,14322
17,472,14323
17,472,14324
17,473,14325
17,473,14326
17,473,14327
17,473,14328
17,474,14329
17,474,14330
17,474,14331
17,475,14332
17,475,14333
17,475,14334
17,476,14335
17,476,14336
17,477,14337
17,477,14338
17,477,14339
17,469,14537
17,469,14538
17,469,14539
17,469,14540
17,469,14541
17,469,14542
17,470,14543
17,470,14544
17,471,14545
17,472,14546
17,472,14547
17,472,14548
17,472,14549
17,472,14550
17,473,14551
17,473,14552
17,473,14553
17,473,14554
17,474,14555
17,474,14556
17,474,14557
17,475,14558
17,475,14559
17,475,14560
17,476,14561
17,476,14562
17,477,14563
17,477,14564
17,477,14565
18,13,14830
18,13,14831
18,13,14832
18,13,14833
18,13,14834
18,13,14835
18,13,14836
18,13,14837
18,13,14838
18,13,14839
18,13,14840
18,13,14841
18,13,14842
18,13,14843
18,13,14844
18,13,14845
18,13,14846
18,13,14847
18,13,14848
18,13,14849
18,13,14850
18,13,14851
18,13,14852
18,13,14853
18,13,14854
18,13,14855
18,13,14856
18,13,14857
18,13,14858
18,13,14859
18,13,14860
18,13,14861
18,13,14862
18,13,14863
18,13,14864
18,13,14865
18,13,14866
18,13,14867
18,13,14868
18,13,14869
18,13,14870
18,13,14871
18,13,14872
18,13,14873
18,13,14874
18,13,14875
18,481,14876
18,481,14877
18,481,14878
18,481,14879
18,481,14880
18,481,14881
18,481,14882
18,481,14883
18,481,14884
18,481,14885
18,481,14886
18,481,14887
18,481,14888
18,481,14889
18,481,14890
18,481,14891
18,481,14892
18,481,14893
18,481,14894
18,481,14895
18,481,14896
18,481,14897
18,481,14898
18,481,14899
18,481,14900
18,481,14901
18,481,14902
18,481,14903
18,481,14904
18,481,14905
18,481,14906
18,481,14907
18,481,14908
18,481,14909
18,481,14910
18,481,14911
18,481,14912
18,481,14913
18,481,14914
18,481,14915
18,481,14916
18,481,14917
18,481,15182
18,481,15183
18,481,15184
18,481,15185
18,481,15186
18,481,15187
18,481,15188
18,481,15189
18,481,15190
18,481,15191
18,481,15192
18,481,15193
18,481,15194
18,481,15195
18,481,15196
18,481,15197
18,481,15198
18,481,15199
18,481,15200
18,481,15201
18,481,15202
18,481,15203
18,481,15204
18,481,15205
18,481,15206
18,481,15207
18,481,15208
18,481,15209
18,481,15210
18,481,15211
18,481,15212
18,481,15213
18,481,15214
18,481,15215
18,481,15216
18,481,15217
18,481,15218
18,481,15219
18,481,15220
18,481,15221
18,481,15222
18,13,15223
18,13,15224
18,13,15225
18,13,15226
18,13,15227
18,13,15228
18,13,15229
18,13,15230
18,13,15231
18,13,15232
18,13,15233
18,13,15234
18,13,15235
18,13,15236
18,13,15237
18,13,15238
18,13,15239
18,13,15240
18,13,15241
18,13,15242
18,13,15243
18,13,15244
18,13,15245
18,13,15246
18,13,15247
18,13,15248
18,13,15249
18,13,15250
18,13,15251
18,13,15252
18,13,15253
18,13,15254
18,13,15255
18,13,15256
18,13,15257
18,13,15258
18,13,15259
18,13,15260
18,13,15261
18,13,15262
18,13,15263
18,13,15264
18,13,15265
18,13,15266
18,13,15267
18,13,15268
18,481,15269
19,188,15444
19,188,15445
19,188,15446
19,188,15447
19,188,15448
19,188,15449
19,188,15450
19,188,15451
19,188,15452
19,188,15453
19,188,15454
19,188,15455
19,188,15456
19,188,15457
19,188,15458
19,188,15459
19,188,15460
19,188,15461
19,188,15462
19,188,15463
19,188,15464
19,188,15465
19,188,15466
19,188,15467
19,188,15468
19,188,15469
19,188,15470
19,188,15471
19,188,15472
19,188,15473
19,188,15474
19,188,15475
19,188,15476
19,188,15477
19,188,15478
19,188,15479
19,188,15480
19,188,15481
19,188,15482
19,188,15483
19,188,15484
19,188,15485
19,188,15486
19,188,15487
19,188,15488
19,188,15489
19,188,15490
19,188,15491
19,188,15492
19,188,15493
19,188,15494
19,188,15495
19,188,15496
19,188,15497
19,188,15498
19,188,15499
19,188,15500
19,188,15501
19,188,15676
19,188,15677
19,188,15678
19,188,15679
19,188,15680
19,188,15681
19,188,15682
19,188,15683
19,188,15684
19,188,15685
19,188,15686
19,188,15687
19,188,15688
19,188,15689
19,188,15690
19,188,15691
19,188,15692
19,188,15693
19,188,15694
19,188,15695
19,188,15696
19,188,15697
19,188,15698
19,188,15699
19,188,15700
19,188,15701
19,188,15702
19,188,15703
19,188,15704
19,188,15705
19,188,15706
19,188,15707
19,188,15708
19,188,15709
19,188,15710
19,188,15711
19,188,15712
19,188,15713
19,188,15714
19,188,15715
19,188,15716
19,188,15717
19,188,15718
19,188,15719
19,188,15720
19,188,15721
19,188,15722
19,188,15723
19,188,15724
19,188,15725
19,188,15726
19,188,15727
19,188,15728
19,188,15729
19,188,15730
19,188,15731
19,188,15732
19,188,15733
2,188,15942
2,188,15943
2,188,15944
2,188,15945
2,188,15946
2,188,15947
2,188,15948
2,188,15949
2,188,15950
2,188,15951
2,188,15952
2,188,15953
2,188,15954
2,188,15955
2,188,15956
2,188,15957
2,188,15958
2,188,15959
2,188,15960
2,188,15961
2,188,15962
2,188,15963
2,188,15964
2,188,15965
2,188,15966
2,188,15967
2,188,15968
2,188,15969
2,188,15970
2,188,15971
2,188,15972
2,188,15973
2,188,15974
2,188,15975
2,188,15976
2,188,15977
2,188,15978
2,188,15979
2,188,15980
2,188,15981
2,188,15982
2,188,15983
2,188,15984
2,188,15985
2,188,15986
2,188,15987
2,188,15988
2,188,15989
2,188,15990
2,188,15991
2,188,15992
2,188,15993
2,188,16202
2,188,16203
2,188,16204
2,188,16205
2,188,16206
2,188,16207
2,188,16208
2,188,16209
2,188,16210
2,188,16211
2,188,16212
2,188,16213
2,188,16214
2,188,16215
2,188,16216
2,188,16217
2,188,16218
2,188,16219
2,188,16220
2,188,16221
2,188,16222
2,188,16223
2,188,16224
2,188,16225
2,188,16226
2,188,16227
2,188,16228
2,188,16229
2,188,16230
2,188,16231
2,188,16232
2,188,16233
2,188,16234
2,188,16235
2,188,16236
2,188,16237
2,188,16238
2,188,16239
2,188,16240
2,188,16241
2,188,16242
2,188,16243
2,188,16244
2,188,16245
2,188,16246
2,188,16247
2,188,16248
2,188,16249
2,188,16250
2,188,16251
2,188,16252
2,188,16253
20,188,16458
20,188,16459
20,188,16460
20,188,16461
20,188,16462
20,188,16463
20,188,16464
20,188,16465
20,188,16466
20,188,16467
20,188,16468
20,188,16469
20,188,16470
20,188,16471
20,188,16472
20,188,16473
20,188,16474
20,188,16475
20,188,16476
20,188,16477
20,188,16478
20,188,16479
20,188,16480
20,188,16481
20,188,16482
20,188,16483
20,188,16484
20,188,16485
20,188,16486
20,188,16487
20,188,16488
20,188,16489
20,188,16490
20,188,16491
20,188,16492
20,188,16493
20,188,16494
20,188,16495
20,188,16496
20,188,16497
20,188,16498
20,188,16499
20,188,16500
20,188,16501
20,188,16502
20,188,16503
20,188,16504
20,188,16505
20,188,16506
20,188,16507
20,188,16508
20,188,16509
20,188,16510
20,188,16511
20,188,16512
20,188,16513
20,188,16514
20,188,16515
20,188,16516
20,188,16517
20,188,16518
20,188,16519
20,188,16520
20,188,16521
20,188,16522
20,188,16523
20,188,16524
20,188,16525
20,188,16733
20,188,16734
20,188,16735
20,188,16736
20,188,16737
20,188,16738
20,188,16739
20,188,16740
20,188,16741
20,188,16742
20,188,16743
20,188,16744
20,188,16745
20,188,16746
20,188,16747
20,188,16748
20,188,16749
20,188,16750
20,188,16751
20,188,16752
20,188,16753
20,188,16754
20,188,16755
20,188,16756
20,188,16757
20,188,16758
20,188,16759
20,188,16760
20,188,16761
20,188,16762
20,188,16763
20,188,16764
20,188,16765
20,188,16766
20,188,16767
20,188,16768
20,188,16769
20,188,16770
20,188,16771
20,188,16772
20,188,16773
20,188,16774
20,188,16775
20,188,16776
20,188,16777
20,188,16778
20,188,16779
20,188,16780
20,188,16781
20,188,16782
20,188,16783
20,188,16784
20,188,16785
20,188,16786
20,188,16787
20,188,16788
20,188,16789
20,188,16790
20,188,16791
20,188,16792
20,188,16793
20,188,16794
20,188,16795
20,188,16796
20,188,16797
20,188,16798
20,188,16799
20,188,16800
20,188,16801
23,188,16913
23,188,16914
23,188,16915
23,188,16916
23,188,16917
23,188,16918
23,188,16919
23,188,16920
23,188,16921
23,188,16922
23,188,16923
23,188,16924
23,188,16925
23,188,16926
23,188,16927
23,188,16928
23,188,16929
23,188,16930
23,188,16931
23,188,16932
23,188,16933
23,188,16934
23,188,16935
23,188,16936
23,188,16937
23,188,16938
23,188,16939
23,188,16940
23,188,16941
23,188,16942
23,188,16943
23,188,16944
23,188,16945
23,188,16946
23,188,16947
23,188,16948
23,188,16949
23,188,17061
23,188,17062
23,188,17063
23,188,17064
23,188,17065
23,188,17066
23,188,17067
23,188,17068
23,188,17069
23,188,17070
23,188,17071
23,188,17072
23,188,17073
23,188,17074
23,188,17075
23,188,17076
23,188,17077
23,188,17078
23,188,17079
23,188,17080
23,188,17081
23,188,17082
23,188,17083
23,188,17084
23,188,17085
23,188,17086
23,188,17087
23,188,17088
23,188,17089
23,188,17090
23,188,17091
23,188,17092
23,188,17093
23,188,17094
23,188,17095
23,188,17096
23,188,17097
25,188,17306
25,188,17307
25,188,17308
25,188,17309
25,188,17310
25,188,17311
25,188,17312
25,188,17313
25,188,17314
25,188,17315
25,188,17316
25,188,17317
25,188,17318
25,188,17319
25,188,17320
25,188,17321
25,188,17322
25,188,17323
25,188,17324
25,188,17325
25,188,17326
25,188,17327
25,188,17328
25,188,17329
25,188,17330
25,188,17331
25,188,17332
25,188,17333
25,188,17334
25,188,17335
25,188,17336
25,188,17337
25,188,17338
25,188,17339
25,188,17340
25,188,17341
25,188,17342
25,188,17343
25,188,17344
25,188,17345
25,188,17346
25,188,17347
25,188,17348
25,188,17349
25,188,17350
25,188,17351
25,188,17352
25,188,17353
25,188,17354
25,188,17355
25,188,17356
25,188,17357
25,188,17358
25,188,17359
25,188,17360
25,188,17361
25,188,17362
25,188,17363
25,188,17364
25,188,17365
25,188,17366
25,188,17367
25,188,17368
25,188,17369
25,188,17370
25,188,17371
25,188,17372
25,188,17373
25,188,17374
25,188,17375
25,188,17376
25,188,17377
25,188,17589
25,188,17590
25,188,17591
25,188,17592
25,188,17593
25,188,17594
25,188,17595
25,188,17596
25,188,17597
25,188,17598
25,188,17599
25,188,17600
25,188,17601
25,188,17602
25,188,17603
25,188,17604
25,188,17605
25,188,17606
25,188,17607
25,188,17608
25,188,17609
25,188,17610
25,188,17611
25,188,17612
25,188,17613
25,188,17614
25,188,17615
25,188,17616
25,188,17617
25,188,17618
25,188,17619
25,188,17620
25,188,17621
25,188,17622
25,188,17623
25,188,17624
25,188,17625
25,188,17626
25,188,17627
25,188,17628
25,188,17629
25,188,17630
25,188,17631
25,188,17632
25,188,17633
25,188,17634
25,188,17635
25,188,17636
25,188,17637
25,188,17638
25,188,17639
25,188,17640
25,188,17641
25,188,17642
25,188,17643
25,188,17644
25,188,17645
25,188,17646
25,188,17647
25,188,17648
25,188,17649
25,188,17650
25,188,17651
25,188,17652
25,188,17653
25,188,17654
25,188,17655
25,188,17656
25,188,17657
25,188,17658
25,188,17659
25,188,17660
25,188,17661
38,188,17804
38,188,17805
38,188,17806
38,188,17807
38,188,17808
38,188,17809
38,188,17810
38,188,17811
38,188,17812
38,188,17813
38,188,17814
38,188,17815
38,188,17816
38,188,17817
38,188,17818
38,188,17819
38,188,17820
38,188,17821
38,188,17822
38,188,17823
38,188,17824
38,188,17825
38,188,17826
38,188,17827
38,188,17828
38,188,17829
38,188,17830
38,188,17831
38,188,17832
38,188,17833
38,188,17834
38,188,17835
38,188,17836
38,188,17837
38,188,17838
38,188,17839
38,188,17840
38,188,17841
38,188,17842
38,188,17843
38,188,17844
38,188,17845
38,188,17846
38,188,17847
38,188,17848
38,188,17849
38,188,17850
38,188,17851
38,188,17995
38,188,17996
38,188,17997
38,188,17998
38,188,17999
38,188,18000
38,188,18001
38,188,18002
38,188,18003
38,188,18004
38,188,18005
38,188,18006
38,188,18007
38,188,18008
38,188,18009
38,188,18010
38,188,18011
38,188,18012
38,188,18013
38,188,18014
38,188,18015
38,188,18016
38,188,18017
38,188,18018
38,188,18019
38,188,18020
38,188,18021
38,188,18022
38,188,18023
38,188,18024
38,188,18025
38,188,18026
38,188,18027
38,188,18028
38,188,18029
38,188,18030
38,188,18031
38,188,18032
38,188,18033
38,188,18034
38,188,18035
38,188,18036
38,188,18037
38,188,18038
38,188,18039
38,188,18040
38,188,18041
38,188,18042
39,548,18481
39,548,18482
39,548,18483
39,548,18484
39,548,18485
39,548,18486
39,548,18487
39,548,18488
39,548,18489
39,548,18490
39,548,18491
39,548,18492
39,548,18493
39,548,18494
39,549,18495
39,549,18496
39,550,18497
39,550,18498
39,550,18499
39,550,18500
39,550,18501
39,550,18502
39,550,18503
39,550,18504
39,550,18505
39,550,18506
39,550,18507
39,550,18508
39,550,18509
39,550,18510
39,550,18511
39,551,18512
39,551,18513
39,552,18514
39,552,18515
39,552,18516
39,552,18517
39,553,18518
39,553,18519
39,553,18520
39,554,18521
39,554,18522
39,554,18523
39,554,18524
39,554,18525
39,554,18526
39,554,18527
39,555,18528
39,555,18529
39,555,18530
39,555,18531
39,555,18532
39,555,18533
39,555,18534
39,555,18535
39,555,18536
39,555,18537
39,555,18538
39,555,18539
39,555,18540
39,555,18541
39,555,18542
39,555,18543
39,555,18544
39,555,18545
39,555,18546
39,555,18547
39,555,18548
39,556,18549
39,556,18550
39,555,18551
39,548,18987
39,548,18988
39,548,18989
39,548,18990
39,548,18991
39,548,18992
39,548,18993
39,548,18994
39,548,18995
39,548,18996
39,548,18997
39,548,18998
39,548,18999
39,548,19000
39,549,19001
39,549,19002
39,550,19003
39,550,19004
39,550,19005
39,550,19006
39,550,19007
39,550,19008
39,550,19009
39,550,19010
39,550,19011
39,550,19012
39,550,19013
39,550,19014
39,550,19015
39,550,19016
39,550,19017
39,551,19018
39,551,19019
39,552,19020
39,552,19021
39,552,19022
39,553,19023
39,553,19024
39,553,19025
39,554,19026
39,554,19027
39,554,19028
39,554,19029
39,554,19030
39,554,19031
39,552,19032
39,555,19033
39,555,19034
39,555,19035
39,555,19036
39,555,19037
39,555,19038
39,555,19039
39,555,19040
39,555,19041
39,555,19042
39,555,19043
39,555,19044
39,555,19045
39,555,19046
39,555,19047
39,555,19048
39,555,19049
39,555,19050
39,555,19051
39,555,19052
39,555,19053
39,555,19054
39,556,19055
39,556,19056
4,188,19389
4,188,19390
4,188,19391
4,188,19392
4,188,19393
4,188,19394
4,188,19395
4,188,19396
4,188,19397
4,188,19398
4,188,19399
4,188,19400
4,188,19401
4,188,19402
4,188,19403
4,188,19404
4,188,19405
4,188,19406
4,188,19407
4,188,19408
4,188,19409
4,188,19410
4,188,19411
4,188,19412
4,188,19413
4,188,19414
4,188,19415
4,188,19416
4,188,19417
4,188,19418
4,188,19419
4,188,19420
4,188,19421
4,188,19422
4,188,19423
4,188,19424
4,188,19425
4,188,19426
4,188,19427
4,188,19428
4,188,19429
4,188,19430
4,188,19431
4,188,19432
4,188,19433
4,188,19434
4,188,19435
4,188,19436
4,188,19437
4,188,19438
4,188,19439
4,188,19440
4,188,19441
4,188,19442
4,188,19443
4,188,19444
4,188,19445
4,188,19446
4,188,19447
4,188,19448
4,188,19449
4,188,19450
4,188,19451
4,188,19452
4,188,19453
4,188,19454
4,188,19455
4,188,19456
4,188,19457
4,188,19458
4,188,19459
4,188,19460
4,188,19461
4,188,19462
4,188,19463
4,188,19464
4,188,19465
4,188,19466
4,188,19467
4,188,19468
4,188,19469
4,188,19470
4,188,19471
4,188,19804
4,188,19805
4,188,19806
4,188,19807
4,188,19808
4,188,19809
4,188,19810
4,188,19811
4,188,19812
4,188,19813
4,188,19814
4,188,19815
4,188,19816
4,188,19817
4,188,19818
4,188,19819
4,188,19820
4,188,19821
4,188,19822
4,188,19823
4,188,19824
4,188,19825
4,188,19826
4,188,19827
4,188,19828
4,188,19829
4,188,19830
4,188,19831
4,188,19832
4,188,19833
4,188,19834
4,188,19835
4,188,19836
4,188,19837
4,188,19838
4,188,19839
4,188,19840
4,188,19841
4,188,19842
4,188,19843
4,188,19844
4,188,19845
4,188,19846
4,188,19847
4,188,19848
4,188,19849
4,188,19850
4,188,19851
4,188,19852
4,188,19853
4,188,19854
4,188,19855
4,188,19856
4,188,19857
4,188,19858
4,188,19859
4,188,19860
4,188,19861
4,188,19862
4,188,19863
4,188,19864
4,188,19865
4,188,19866
4,188,19867
4,188,19868
4,188,19869
4,188,19870
4,188,19871
4,188,19872
4,188,19873
4,188,19874
4,188,19875
4,188,19876
4,188,19877
4,188,19878
4,188,19879
4,188,19880
4,188,19881
4,188,19882
4,188,19883
4,188,19884
4,188,19885
4,188,19886
40,106,20554
40,106,20555
40,106,20556
40,106,20557
40,106,20558
40,106,20559
40,106,20560
40,106,20561
40,106,20562
40,106,20563
40,106,20564
40,106,20565
40,106,20566
40,106,20567
40,107,20568
40,107,20569
40,107,20570
40,107,20571
40,107,20572
40,107,20573
40,107,20574
40,107,20575
40,107,20576
40,107,20577
40,107,20578
40,107,20579
40,107,20580
40,108,20581
40,108,20582
40,108,20583
40,108,20584
40,108,20585
40,108,20586
40,108,20587
40,108,20588
40,108,20589
40,108,20590
40,108,20591
40,108,20592
40,108,20593
40,109,20594
40,109,20595
40,109,20596
40,109,20597
40,109,20598
40,109,20599
40,109,20600
40,109,20601
40,109,20602
40,109,20603
40,109,20604
40,109,20605
40,109,20606
40,109,20607
40,111,20608
40,112,20609
40,112,20610
40,112,20611
40,112,20612
40,112,20613
40,112,20614
40,112,20615
40,112,20616
40,112,20617
40,112,20618
40,112,20619
40,112,20620
40,112,20621
40,113,20622
40,113,20623
40,113,20624
40,113,20625
40,113,20626
40,113,20627
40,113,20628
40,113,20629
40,113,20630
40,113,20631
40,113,20632
40,113,20633
40,114,20634
40,114,20635
40,114,20636
40,114,20637
40,114,20638
40,114,20639
40,114,20640
40,114,20641
40,114,20642
40,114,20643
40,114,20644
40,115,20645
40,116,20646
40,117,20647
40,117,20648
40,117,20649
40,117,20650
40,117,20651
40,117,20652
40,117,20653
40,117,20654
40,117,20655
40,117,20656
40,118,20657
40,118,20658
40,118,20659
40,118,20660
40,118,20661
40,118,20662
40,118,20663
40,118,20664
40,118,20665
40,115,20666
40,106,21330
40,106,21331
40,106,21332
40,106,21333
40,106,21334
40,106,21335
40,106,21336
40,106,21337
40,106,21338
40,106,21339
40,106,21340
40,106,21341
40,106,21342
40,106,21343
40,107,21344
40,107,21345
40,107,21346
40,107,21347
40,107,21348
40,107,21349
40,107,21350
40,107,21351
40,107,21352
40,107,21353
40,107,21354
40,107,21355
40,107,21356
40,108,21357
40,108,21358
40,108,21359
40,108,21360
40,108,21361
40,108,21362
40,108,21363
40,108,21364
40,108,21365
40,108,21366
40,108,21367
40,108,21368
40,108,21369
40,109,21370
40,109,21371
40,109,21372
40,109,21373
40,109,21374
40,109,21375
40,109,21376
40,109,21377
40,109,21378
40,109,21379
40,109,21380
40,109,21381
40,109,21382
40,109,21383
40,111,21384
40,112,21385
40,112,21386
40,112,21387
40,112,21388
40,112,21389
40,112,21390
40,112,21391
40,112,21392
40,112,21393
40,112,21394
40,112,21395
40,112,21396
40,112,21397
40,113,21398
40,113,21399
40,113,21400
40,113,21401
40,113,21402
40,113,21403
40,113,21404
40,113,21405
40,113,21406
40,113,21407
40,113,21408
40,113,21409
40,114,21410
40,114,21411
40,114,21412
40,114,21413
40,114,21414
40,114,21415
40,114,21416
40,114,21417
40,114,21418
40,114,21419
40,115,21420
40,116,21421
40,116,21422
40,117,21423
40,117,21424
40,117,21425
40,117,21426
40,117,21427
40,117,21428
40,117,21429
40,117,21430
40,117,21431
40,117,21432
40,118,21433
40,118,21434
40,118,21435
40,118,21436
40,118,21437
40,118,21438
40,118,21439
40,118,21440
40,118,21441
40,115,21442
41,13,21518
41,13,21519
41,13,21520
41,13,21521
41,13,21522
41,13,21523
41,13,21524
41,13,21525
41,13,21526
41,13,21527
41,575,21528
41,576,21529
41,577,21530
41,14,21531
41,15,21532
41,15,21533
41,15,21534
41,15,21535
41,15,21536
41,15,21537
41,15,21538
41,16,21539
41,16,21540
41,16,21541
41,16,21542
41,13,21619
41,13,21620
41,13,21621
41,13,21622
41,13,21623
41,13,21624
41,13,21625
41,13,21626
41,13,21627
41,13,21628
41,575,21629
41,576,21630
41,577,21631
41,14,21632
41,15,21633
41,15,21634
41,15,21635
41,15,21636
41,15,21637
41,15,21638
41,15,21639
41,16,21640
41,16,21641
41,16,21642
41,16,21643
42,106,22502
42,106,22503
42,106,22504
42,106,22505
42,106,22506
42,106,22507
42,106,22508
42,106,22509
42,106,22510
42,106,22511
42,106,22512
42,106,22513
42,107,22514
42,107,22515
42,107,22516
42,107,22517
42,107,22518
42,107,22519
42,107,22520
42,107,22521
42,107,22522
42,107,22523
42,107,22524
42,108,22525
42,108,22526
42,108,22527
42,108,22528
42,108,22529
42,108,22530
42,108,22531
42,108,22532
42,108,22533
42,108,22534
42,108,22535
42,109,22536
42,109,22537
42,109,22538
42,109,22539
42,109,22540
42,109,22541
42,109,22542
42,109,22543
42,109,22544
42,109,22545
42,109,22546
42,109,22547
42,110,22548
42,111,22549
42,111,22550
42,112,22551
42,112,22552
42,112,22553
42,112,22554
42,112,22555
42,112,22556
42,112,22557
42,112,22558
42,112,22559
42,112,22560
42,112,22561
42,112,22562
42,113,22563
42,113,22564
42,113,22565
42,113,22566
42,113,22567
42,113,22568
42,113,22569
42,113,22570
42,113,22571
42,113,22572
42,113,22573
42,113,22574
42,113,22575
42,114,22576
42,114,22577
42,114,22578
42,114,22579
42,114,22580
42,114,22581
42,114,22582
42,114,22583
42,114,22584
42,114,22585
42,114,22586
42,114,22587
42,115,22588
42,116,22589
42,116,22590
42,117,22591
42,117,22592
42,117,22593
42,117,22594
42,117,22595
42,117,22596
42,117,22597
42,117,22598
42,117,22599
42,117,22600
42,117,22601
42,117,22602
42,118,22603
42,118,22604
42,118,22605
42,118,22606
42,118,22607
42,118,22608
42,118,22609
42,118,22610
42,118,22611
42,118,22612
42,118,22613
42,118,22614
42,118,22615
42,106,23475
42,106,23476
42,106,23477
42,106,23478
42,106,23479
42,106,23480
42,106,23481
42,106,23482
42,106,23483
42,106,23484
42,106,23485
42,106,23486
42,107,23487
42,107,23488
42,107,23489
42,107,23490
42,107,23491
42,107,23492
42,107,23493
42,107,23494
42,107,23495
42,107,23496
42,107,23497
42,108,23498
42,108,23499
42,108,23500
42,108,23501
42,108,23502
42,108,23503
42,108,23504
42,108,23505
42,108,23506
42,108,23507
42,108,23508
42,109,23509
42,109,23510
42,109,23511
42,109,23512
42,109,23513
42,109,23514
42,109,23515
42,109,23516
42,109,23517
42,109,23518
42,109,23519
42,109,23520
42,110,23521
42,111,23522
42,111,23523
42,112,23524
42,112,23525
42,112,23526
42,112,23527
42,112,23528
42,112,23529
42,112,23530
42,112,23531
42,112,23532
42,112,23533
42,112,23534
42,112,23535
42,113,23536
42,113,23537
42,113,23538
42,113,23539
42,113,23540
42,113,23541
42,113,23542
42,113,23543
42,113,23544
42,113,23545
42,113,23546
42,113,23547
42,113,23548
42,114,23549
42,114,23550
42,114,23551
42,114,23552
42,114,23553
42,114,23554
42,114,23555
42,114,23556
42,114,23557
42,114,23558
42,114,23559
42,114,23560
42,115,23561
42,116,23562
42,116,23563
42,117,23564
42,117,23565
42,117,23566
42,117,23567
42,117,23568
42,117,23569
42,117,23570
42,117,23571
42,117,23572
42,117,23573
42,117,23574
42,117,23575
42,118,23576
42,118,23577
42,118,23578
42,118,23579
42,118,23580
42,118,23581
42,118,23582
42,118,23583
42,118,23584
42,118,23585
42,118,23586
42,118,23587
42,118,23588
43,615,23616
43,616,23617
43,617,23618
43,618,23619
43,619,23620
43,620,23621
43,621,23622
43,622,23623
43,615,23660
43,616,23661
43,636,23662
43,619,23663
43,637,23664
43,620,23665
43,638,23666
43,621,23667
46,676,23778
46,676,23779
46,676,23780
46,677,23781
46,677,23782
46,677,23783
46,677,23784
46,678,23785
46,678,23786
46,678,23787
46,679,23788
46,679,23789
46,679,23790
46,679,23791
46,680,23792
46,680,23793
46,385,23794
46,681,23795
46,682,23796
46,682,23797
46,682,23798
46,683,23799
46,683,23800
46,386,23801
46,387,23802
46,387,23803
46,387,23804
46,388,23805
46,388,23806
46,388,23807
46,388,23808
46,389,23809
46,389,23810
46,390,23811
46,390,23812
46,390,23813
46,676,23916
46,676,23917
46,676,23918
46,677,23919
46,677,23920
46,677,23921
46,677,23922
46,678,23923
46,678,23924
46,678,23925
46,679,23926
46,679,23927
46,679,23928
46,679,23929
46,680,23930
46,680,23931
46,384,23932
46,385,23933
46,681,23934
46,682,23935
46,682,23936
46,683,23937
46,687,23938
46,386,23939
46,386,23940
46,387,23941
46,387,23942
46,388,23943
46,388,23944
46,388,23945
46,388,23946
46,389,23947
46,389,23948
46,390,23949
46,390,23950
46,390,23951
46,390,23952
48,727,24002
48,728,24003
48,728,24004
48,729,24005
48,730,24006
48,730,24007
48,731,24008
48,732,24009
48,733,24010
48,734,24011
48,734,24012
48,735,24013
48,736,24014
48,736,24015
48,737,24016
48,738,24017
48,739,24018
48,740,24019
48,741,24020
48,742,24021
48,743,24022
48,751,24069
48,727,24070
48,727,24071
48,728,24072
48,729,24073
48,729,24074
48,730,24075
48,731,24076
48,730,24077
48,752,24078
48,733,24079
48,733,24080
48,734,24081
48,735,24082
48,735,24083
48,736,24084
48,737,24085
48,736,24086
48,753,24087
48,741,24088
48,743,24089
49,784,24139
49,784,24140
49,785,24141
49,786,24142
49,787,24143
49,787,24144
49,788,24145
49,789,24146
49,789,24147
49,790,24148
49,790,24149
49,784,24199
49,784,24200
49,784,24201
49,787,24202
49,787,24203
49,788,24204
49,789,24205
49,789,24206
49,790,24207
49,790,24208
5,188,24307
5,188,24308
5,188,24309
5,188,24310
5,188,24311
5,188,24312
5,188,24313
5,188,24314
5,188,24315
5,188,24316
5,188,24317
5,188,24318
5,188,24319
5,188,24320
5,188,24321
5,188,24322
5,188,24323
5,188,24324
5,188,24325
5,188,24326
5,188,24327
5,188,24328
5,188,24329
5,188,24330
5,188,24331
5,188,24332
5,188,24333
5,188,24334
5,188,24335
5,188,24336
5,188,24337
5,188,24338
5,188,24339
5,188,24340
5,188,24341
5,188,24342
5,188,24343
5,188,24344
5,188,24345
5,188,24346
5,188,24347
5,188,24348
5,188,24349
5,188,24350
5,188,24351
5,188,24352
5,188,24353
5,188,24354
5,188,24355
5,188,24356
5,188,24357
5,188,24358
5,188,24359
5,188,24360
5,188,24361
5,188,24424
5,188,24425
5,188,24426
5,188,24427
5,188,24428
5,188,24429
5,188,24430
5,188,24431
5,188,24432
5,188,24433
5,188,24434
5,188,24435
5,188,24436
5,188,24437
5,188,24438
5,188,24439
5,188,24440
5,188,24441
5,188,24442
5,188,24443
5,188,24444
5,188,24445
5,188,24446
5,188,24447
5,188,24448
5,188,24449
5,188,24450
5,188,24451
5,188,24452
5,188,24453
5,188,24454
5,188,24455
5,188,24456
5,188,24457
5,188,24458
5,188,24459
5,188,24460
5,188,24461
5,188,24462
5,188,24463
5,188,24464
5,188,24465
5,188,24466
5,188,24467
5,188,24468
5,188,24469
5,188,24470
5,188,24471
5,188,24472
5,188,24473
5,188,24474
5,188,24475
5,188,24476
5,188,24477
5,188,24478
51,817,24504
51,818,24505
51,819,24506
51,820,24507
51,821,24508
51,822,24509
51,823,24510
51,824,24511
51,825,24512
51,826,24513
51,817,24539
51,818,24540
51,832,24541
51,819,24542
51,820,24543
51,822,24544
51,823,24545
51,833,24546
51,824,24547
51,825,24548
52,863,24606
52,863,24607
52,863,24608
52,863,24609
52,863,24610
52,863,24611
52,864,24612
52,865,24613
52,866,24614
52,867,24615
52,868,24616
52,868,24617
52,868,24618
52,869,24619
52,869,24620
52,869,24621
52,869,24622
52,870,24623
52,870,24624
52,870,24625
52,870,24626
52,870,24627
52,870,24628
52,871,24629
52,872,24630
52,873,24631
52,874,24632
52,875,24633
52,875,24634
52,875,24635
52,876,24636
52,876,24637
52,876,24638
52,876,24639
52,877,24640
52,877,24641
52,753,24642
52,878,24643
52,878,24644
52,879,24645
52,743,24646
52,863,24749
52,863,24750
52,863,24751
52,863,24752
52,863,24753
52,864,24754
52,863,24755
52,865,24756
52,866,24757
52,867,24758
52,868,24759
52,868,24760
52,868,24761
52,869,24762
52,869,24763
52,869,24764
52,869,24765
52,870,24766
52,870,24767
52,870,24768
52,870,24769
52,870,24770
52,871,24771
52,870,24772
52,872,24773
52,873,24774
52,874,24775
52,875,24776
52,875,24777
52,875,24778
52,876,24779
52,876,24780
52,876,24781
52,876,24782
52,877,24783
52,877,24784
52,753,24785
52,878,24786
52,878,24787
52,879,24788
52,743,24789
53,939,24865
53,940,24866
53,941,24867
53,379,24868
53,380,24869
53,381,24870
53,382,24871
53,382,24872
53,942,24873
53,943,24874
53,388,24875
53,389,24876
53,390,24877
53,390,24878
53,940,24977
53,940,24978
53,941,24979
53,959,24980
53,379,24981
53,380,24982
53,381,24983
53,381,24984
53,382,24985
53,382,24986
53,960,24987
53,383,24988
53,383,24989
53,388,24990
53,961,24991
53,389,24992
53,390,24993
53,390,24994
55,985,25031
55,985,25032
55,986,25033
55,987,25034
55,988,25035
55,989,25036
55,990,25037
55,991,25038
55,992,25039
55,997,25076
55,997,25077
55,997,25078
55,990,25079
55,990,25080
55,990,25081
55,991,25082
55,991,25083
55,991,25084
6,106,28329
6,106,28330
6,106,28331
6,106,28332
6,106,28333
6,106,28334
6,106,28335
6,106,28336
6,106,28337
6,106,28338
6,106,28339
6,106,28340
6,106,28341
6,106,28342
6,106,28343
6,106,28344
6,106,28345
6,106,28346
6,106,28347
6,106,28348
6,106,28349
6,106,28350
6,106,28351
6,106,28352
6,106,28353
6,106,28354
6,106,28355
6,106,28356
6,106,28357
6,106,28358
6,106,28359
6,106,28360
6,106,28361
6,106,28362
6,106,28363
6,106,28364
6,106,28365
6,106,28366
6,106,28367
6,106,28368
6,106,28369
6,106,28370
6,106,28371
6,106,28372
6,106,28373
6,106,28374
6,106,28375
6,106,28376
6,106,28377
6,106,28378
6,106,28379
6,106,28380
6,106,28381
6,106,28382
6,106,28383
6,106,28384
6,106,28385
6,106,28386
6,106,28387
6,106,28388
6,106,28389
6,107,28390
6,107,28391
6,107,28392
6,107,28393
6,107,28394
6,107,28395
6,107,28396
6,107,28397
6,107,28398
6,107,28399
6,107,28400
6,107,28401
6,107,28402
6,107,28403
6,107,28404
6,107,28405
6,107,28406
6,107,28407
6,107,28408
6,107,28409
6,107,28410
6,107,28411
6,107,28412
6,107,28413
6,107,28414
6,107,28415
6,107,28416
6,107,28417
6,107,28418
6,107,28419
6,107,28420
6,107,28421
6,107,28422
6,107,28423
6,107,28424
6,107,28425
6,107,28426
6,107,28427
6,108,28428
6,108,28429
6,108,28430
6,108,28431
6,108,28432
6,108,28433
6,108,28434
6,108,28435
6,108,28436
6,108,28437
6,108,28438
6,108,28439
6,108,28440
6,108,28441
6,108,28442
6,108,28443
6,108,28444
6,108,28445
6,108,28446
6,108,28447
6,108,28448
6,108,28449
6,108,28450
6,108,28451
6,108,28452
6,108,28453
6,108,28454
6,108,28455
6,108,28456
6,108,28457
6,108,28458
6,108,28459
6,108,28460
6,108,28461
6,108,28462
6,108,28463
6,108,28464
6,108,28465
6,108,28466
6,109,28467
6,109,28468
6,109,28469
6,109,28470
6,109,28471
6,109,28472
6,109,28473
6,109,28474
6,109,28475
6,109,28476
6,109,28477
6,109,28478
6,109,28479
6,109,28480
6,109,28481
6,109,28482
6,109,28483
6,109,28484
6,109,28485
6,109,28486
6,109,28487
6,109,28488
6,109,28489
6,109,28490
6,109,28491
6,109,28492
6,109,28493
6,109,28494
6,109,28495
6,109,28496
6,109,28497
6,109,28498
6,109,28499
6,109,28500
6,109,28501
6,109,28502
6,109,28503
6,109,28504
6,109,28505
6,109,28506
6,109,28507
6,109,28508
6,109,28509
6,109,28510
6,109,28511
6,109,28512
6,109,28513
6,109,28514
6,109,28515
6,109,28516
6,109,28517
6,109,28518
6,109,28519
6,109,28520
6,109,28521
6,109,28522
6,109,28523
6,109,28524
6,109,28525
6,109,28526
6,109,28527
6,109,28528
6,111,28529
6,111,28530
6,111,28531
6,112,28532
6,112,28533
6,112,28534
6,112,28535
6,112,28536
6,112,28537
6,112,28538
6,112,28539
6,112,28540
6,112,28541
6,112,28542
6,112,28543
6,112,28544
6,112,28545
6,112,28546
6,112,28547
6,112,28548
6,112,28549
6,112,28550
6,112,28551
6,112,28552
6,112,28553
6,112,28554
6,112,28555
6,112,28556
6,112,28557
6,112,28558
6,112,28559
6,112,28560
6,112,28561
6,112,28562
6,112,28563
6,112,28564
6,112,28565
6,112,28566
6,112,28567
6,112,28568
6,112,28569
6,112,28570
6,112,28571
6,112,28572
6,112,28573
6,112,28574
6,112,28575
6,112,28576
6,112,28577
6,112,28578
6,112,28579
6,112,28580
6,112,28581
6,112,28582
6,112,28583
6,113,28584
6,113,28585
6,113,28586
6,113,28587
6,113,28588
6,113,28589
6,113,28590
6,113,28591
6,113,28592
6,113,28593
6,113,28594
6,113,28595
6,113,28596
6,113,28597
6,113,28598
6,113,28599
6,113,28600
6,113,28601
6,113,28602
6,113,28603
6,113,28604
6,113,28605
6,113,28606
6,113,28607
6,113,28608
6,113,28609
6,113,28610
6,113,28611
6,113,28612
6,113,28613
6,113,28614
6,113,28615
6,113,28616
6,113,28617
6,113,28618
6,113,28619
6,113,28620
6,113,28621
6,113,28622
6,113,28623
6,113,28624
6,113,28625
6,113,28626
6,113,28627
6,113,28628
6,113,28629
6,113,28630
6,113,28631
6,113,28632
6,113,28633
6,113,28634
6,113,28635
6,114,28636
6,114,28637
6,114,28638
6,114,28639
6,114,28640
6,114,28641
6,114,28642
6,114,28643
6,114,28644
6,114,28645
6,114,28646
6,114,28647
6,114,28648
6,114,28649
6,114,28650
6,114,28651
6,114,28652
6,114,28653
6,114,28654
6,114,28655
6,114,28656
6,114,28657
6,114,28658
6,114,28659
6,114,28660
6,114,28661
6,114,28662
6,114,28663
6,114,28664
6,114,28665
6,114,28666
6,114,28667
6,114,28668
6,114,28669
6,114,28670
6,114,28671
6,114,28672
6,114,28673
6,114,28674
6,114,28675
6,114,28676
6,114,28677
6,114,28678
6,114,28679
6,114,28680
6,114,28681
6,114,28682
6,114,28683
6,114,28684
6,114,28685
6,114,28686
6,114,28687
6,114,28688
6,114,28689
6,114,28690
6,114,28691
6,114,28692
6,114,28693
6,114,28694
6,114,28695
6,114,28696
6,114,28697
6,114,28698
6,114,28699
6,114,28700
6,114,28701
6,114,28702
6,114,28703
6,117,28704
6,117,28705
6,117,28706
6,117,28707
6,117,28708
6,117,28709
6,117,28710
6,117,28711
6,117,28712
6,117,28713
6,117,28714
6,117,28715
6,117,28716
6,117,28717
6,117,28718
6,117,28719
6,117,28720
6,117,28721
6,117,28722
6,117,28723
6,117,28724
6,117,28725
6,117,28726
6,117,28727
6,117,28728
6,117,28729
6,117,28730
6,117,28731
6,117,28732
6,117,28733
6,117,28734
6,117,28735
6,117,28736
6,117,28737
6,117,28738
6,117,28739
6,117,28740
6,117,28741
6,117,28742
6,117,28743
6,117,28744
6,117,28745
6,117,28746
6,117,28747
6,117,28748
6,117,28749
6,117,28750
6,117,28751
6,117,28752
6,117,28753
6,117,28754
6,117,28755
6,117,28756
6,117,28757
6,117,28758
6,117,28759
6,117,28760
6,117,28761
6,117,28762
6,117,28763
6,117,28764
6,117,28765
6,117,28766
6,117,28767
6,117,28768
6,117,28769
6,117,28770
6,117,28771
6,118,28772
6,118,28773
6,118,28774
6,118,28775
6,118,28776
6,118,28777
6,118,28778
6,118,28779
6,118,28780
6,118,28781
6,118,28782
6,118,28783
6,118,28784
6,118,28785
6,118,28786
6,118,28787
6,118,28788
6,118,28789
6,118,28790
6,118,28791
6,118,28792
6,118,28793
6,118,28794
6,118,28795
6,118,28796
6,118,28797
6,118,28798
6,118,28799
6,118,28800
6,118,28801
6,118,28802
6,118,28803
6,118,28804
6,118,28805
6,118,28806
6,118,28807
6,118,28808
6,118,28809
6,118,28810
6,118,28811
6,118,28812
6,118,28813
6,118,28814
6,118,28815
6,118,28816
6,118,28817
6,118,28818
6,118,28819
6,118,28820
6,118,28821
6,118,28822
6,118,28823
6,118,28824
6,118,28825
6,118,28826
6,118,28827
6,118,28828
6,118,28829
6,118,28830
6,118,28831
6,118,28832
6,118,28833
6,118,28834
6,118,28835
6,118,28836
6,118,28837
6,118,28838
6,118,28839
6,106,32290
6,106,32291
6,106,32292
6,106,32293
6,106,32294
6,106,32295
6,106,32296
6,106,32297
6,106,32298
6,106,32299
6,106,32300
6,106,32301
6,106,32302
6,106,32303
6,106,32304
6,106,32305
6,106,32306
6,106,32307
6,106,32308
6,106,32309
6,106,32310
6,106,32311
6,106,32312
6,106,32313
6,106,32314
6,106,32315
6,106,32316
6,106,32317
6,106,32318
6,106,32319
6,106,32320
6,106,32321
6,106,32322
6,106,32323
6,106,32324
6,106,32325
6,106,32326
6,106,32327
6,106,32328
6,106,32329
6,106,32330
6,106,32331
6,106,32332
6,106,32333
6,106,32334
6,106,32335
6,106,32336
6,106,32337
6,106,32338
6,106,32339
6,106,32340
6,106,32341
6,106,32342
6,106,32343
6,106,32344
6,106,32345
6,106,32346
6,106,32347
6,106,32348
6,106,32349
6,107,32350
6,107,32351
6,107,32352
6,107,32353
6,107,32354
6,107,32355
6,107,32356
6,107,32357
6,107,32358
6,107,32359
6,107,32360
6,107,32361
6,107,32362
6,107,32363
6,107,32364
6,107,32365
6,107,32366
6,107,32367
6,107,32368
6,107,32369
6,107,32370
6,107,32371
6,107,32372
6,107,32373
6,107,32374
6,107,32375
6,107,32376
6,107,32377
6,107,32378
6,107,32379
6,107,32380
6,107,32381
6,107,32382
6,107,32383
6,107,32384
6,107,32385
6,107,32386
6,107,32387
6,108,32388
6,108,32389
6,108,32390
6,108,32391
6,108,32392
6,108,32393
6,108,32394
6,108,32395
6,108,32396
6,108,32397
6,108,32398
6,108,32399
6,108,32400
6,108,32401
6,108,32402
6,108,32403
6,108,32404
6,108,32405
6,108,32406
6,108,32407
6,108,32408
6,108,32409
6,108,32410
6,108,32411
6,108,32412
6,108,32413
6,108,32414
6,108,32415
6,108,32416
6,108,32417
6,108,32418
6,108,32419
6,108,32420
6,108,32421
6,108,32422
6,108,32423
6,108,32424
6,108,32425
6,108,32426
6,109,32427
6,109,32428
6,109,32429
6,109,32430
6,109,32431
6,109,32432
6,109,32433
6,109,32434
6,109,32435
6,109,32436
6,109,32437
6,109,32438
6,109,32439
6,109,32440
6,109,32441
6,109,32442
6,109,32443
6,109,32444
6,109,32445
6,109,32446
6,109,32447
6,109,32448
6,109,32449
6,109,32450
6,109,32451
6,109,32452
6,109,32453
6,109,32454
6,109,32455
6,109,32456
6,109,32457
6,109,32458
6,109,32459
6,109,32460
6,109,32461
6,109,32462
6,109,32463
6,109,32464
6,109,32465
6,109,32466
6,109,32467
6,109,32468
6,109,32469
6,109,32470
6,109,32471
6,109,32472
6,109,32473
6,109,32474
6,109,32475
6,109,32476
6,109,32477
6,109,32478
6,109,32479
6,109,32480
6,109,32481
6,109,32482
6,109,32483
6,109,32484
6,109,32485
6,109,32486
6,109,32487
6,111,32488
6,111,32489
6,111,32490
6,112,32491
6,112,32492
6,112,32493
6,112,32494
6,112,32495
6,112,32496
6,112,32497
6,112,32498
6,112,32499
6,112,32500
6,112,32501
6,112,32502
6,112,32503
6,112,32504
6,112,32505
6,112,32506
6,112,32507
6,112,32508
6,112,32509
6,112,32510
6,112,32511
6,112,32512
6,112,32513
6,112,32514
6,112,32515
6,112,32516
6,112,32517
6,112,32518
6,112,32519
6,112,32520
6,112,32521
6,112,32522
6,112,32523
6,112,32524
6,112,32525
6,112,32526
6,112,32527
6,112,32528
6,112,32529
6,112,32530
6,112,32531
6,112,32532
6,112,32533
6,112,32534
6,112,32535
6,112,32536
6,112,32537
6,112,32538
6,112,32539
6,112,32540
6,112,32541
6,112,32542
6,113,32543
6,113,32544
6,113,32545
6,113,32546
6,113,32547
6,113,32548
6,113,32549
6,113,32550
6,113,32551
6,113,32552
6,113,32553
6,113,32554
6,113,32555
6,113,32556
6,113,32557
6,113,32558
6,113,32559
6,113,32560
6,113,32561
6,113,32562
6,113,32563
6,113,32564
6,113,32565
6,113,32566
6,113,32567
6,113,32568
6,113,32569
6,113,32570
6,113,32571
6,113,32572
6,113,32573
6,113,32574
6,113,32575
6,113,32576
6,113,32577
6,113,32578
6,113,32579
6,113,32580
6,113,32581
6,113,32582
6,113,32583
6,113,32584
6,113,32585
6,113,32586
6,113,32587
6,113,32588
6,113,32589
6,113,32590
6,113,32591
6,113,32592
6,113,32593
6,113,32594
6,114,32595
6,114,32596
6,114,32597
6,114,32598
6,114,32599
6,114,32600
6,114,32601
6,114,32602
6,114,32603
6,114,32604
6,114,32605
6,114,32606
6,114,32607
6,114,32608
6,114,32609
6,114,32610
6,114,32611
6,114,32612
6,114,32613
6,114,32614
6,114,32615
6,114,32616
6,114,32617
6,114,32618
6,114,32619
6,114,32620
6,114,32621
6,114,32622
6,114,32623
6,114,32624
6,114,32625
6,114,32626
6,114,32627
6,114,32628
6,114,32629
6,114,32630
6,114,32631
6,114,32632
6,114,32633
6,114,32634
6,114,32635
6,114,32636
6,114,32637
6,114,32638
6,114,32639
6,114,32640
6,114,32641
6,114,32642
6,114,32643
6,114,32644
6,114,32645
6,114,32646
6,114,32647
6,114,32648
6,114,32649
6,114,32650
6,114,32651
6,114,32652
6,114,32653
6,114,32654
6,114,32655
6,114,32656
6,114,32657
6,114,32658
6,114,32659
6,114,32660
6,114,32661
6,117,32662
6,117,32663
6,117,32664
6,117,32665
6,117,32666
6,117,32667
6,117,32668
6,117,32669
6,117,32670
6,117,32671
6,117,32672
6,117,32673
6,117,32674
6,117,32675
6,117,32676
6,117,32677
6,117,32678
6,117,32679
6,117,32680
6,117,32681
6,117,32682
6,117,32683
6,117,32684
6,117,32685
6,117,32686
6,117,32687
6,117,32688
6,117,32689
6,117,32690
6,117,32691
6,117,32692
6,117,32693
6,117,32694
6,117,32695
6,117,32696
6,117,32697
6,117,32698
6,117,32699
6,117,32700
6,117,32701
6,117,32702
6,117,32703
6,117,32704
6,117,32705
6,117,32706
6,117,32707
6,117,32708
6,117,32709
6,117,32710
6,117,32711
6,117,32712
6,117,32713
6,117,32714
6,117,32715
6,117,32716
6,117,32717
6,117,32718
6,117,32719
6,117,32720
6,117,32721
6,117,32722
6,117,32723
6,117,32724
6,117,32725
6,117,32726
6,117,32727
6,117,32728
6,117,32729
6,118,32730
6,118,32731
6,118,32732
6,118,32733
6,118,32734
6,118,32735
6,118,32736
6,118,32737
6,118,32738
6,118,32739
6,118,32740
6,118,32741
6,118,32742
6,118,32743
6,118,32744
6,118,32745
6,118,32746
6,118,32747
6,118,32748
6,118,32749
6,118,32750
6,118,32751
6,118,32752
6,118,32753
6,118,32754
6,118,32755
6,118,32756
6,118,32757
6,118,32758
6,118,32759
6,118,32760
6,118,32761
6,118,32762
6,118,32763
6,118,32764
6,118,32765
6,118,32766
6,118,32767
6,118,32768
6,118,32769
6,118,32770
6,118,32771
6,118,32772
6,118,32773
6,118,32774
6,118,32775
6,118,32776
6,118,32777
6,118,32778
6,118,32779
6,118,32780
6,118,32781
6,118,32782
6,118,32783
6,118,32784
6,118,32785
6,118,32786
6,118,32787
6,118,32788
6,118,32789
6,118,32790
6,118,32791
6,118,32792
6,118,32793
6,118,32794
6,118,32795
6,118,32796
6,118,32797
6,114,32798
7,188,33131
7,188,33132
7,188,33133
7,188,33134
7,188,33135
7,188,33136
7,188,33137
7,188,33138
7,188,33139
7,188,33140
7,188,33141
7,188,33142
7,188,33143
7,188,33144
7,188,33145
7,188,33146
7,188,33147
7,188,33148
7,188,33149
7,188,33150
7,188,33151
7,188,33152
7,188,33153
7,188,33154
7,188,33155
7,188,33156
7,188,33157
7,188,33158
7,188,33159
7,188,33160
7,188,33161
7,188,33162
7,188,33163
7,188,33164
7,188,33165
7,188,33166
7,188,33167
7,188,33168
7,188,33169
7,188,33170
7,188,33171
7,188,33172
7,188,33173
7,188,33174
7,188,33175
7,188,33176
7,188,33177
7,188,33178
7,188,33179
7,188,33180
7,188,33181
7,188,33182
7,188,33183
7,188,33184
7,188,33185
7,188,33186
7,188,33187
7,188,33188
7,188,33189
7,188,33190
7,188,33191
7,188,33192
7,188,33193
7,188,33194
7,188,33195
7,188,33196
7,188,33197
7,188,33198
7,188,33199
7,188,33200
7,188,33201
7,188,33202
7,188,33203
7,188,33204
7,188,33205
7,188,33206
7,188,33207
7,188,33208
7,188,33209
7,188,33210
7,188,33211
7,188,33212
7,188,33213
7,188,33546
7,188,33547
7,188,33548
7,188,33549
7,188,33550
7,188,33551
7,188,33552
7,188,33553
7,188,33554
7,188,33555
7,188,33556
7,188,33557
7,188,33558
7,188,33559
7,188,33560
7,188,33561
7,188,33562
7,188,33563
7,188,33564
7,188,33565
7,188,33566
7,188,33567
7,188,33568
7,188,33569
7,188,33570
7,188,33571
7,188,33572
7,188,33573
7,188,33574
7,188,33575
7,188,33576
7,188,33577
7,188,33578
7,188,33579
7,188,33580
7,188,33581
7,188,33582
7,188,33583
7,188,33584
7,188,33585
7,188,33586
7,188,33587
7,188,33588
7,188,33589
7,188,33590
7,188,33591
7,188,33592
7,188,33593
7,188,33594
7,188,33595
7,188,33596
7,188,33597
7,188,33598
7,188,33599
7,188,33600
7,188,33601
7,188,33602
7,188,33603
7,188,33604
7,188,33605
7,188,33606
7,188,33607
7,188,33608
7,188,33609
7,188,33610
7,188,33611
7,188,33612
7,188,33613
7,188,33614
7,188,33615
7,188,33616
7,188,33617
7,188,33618
7,188,33619
7,188,33620
7,188,33621
7,188,33622
7,188,33623
7,188,33624
7,188,33625
7,188,33626
7,188,33627
7,188,33628
73,188,33657
73,188,33658
73,188,33659
73,188,33660
73,188,33661
73,188,33662
73,188,33663
73,188,33692
73,188,33693
73,188,33694
73,188,33695
73,188,33696
73,188,33697
73,188,33698
75,188,33733
75,188,33734
75,188,33735
75,188,33736
75,188,33737
75,188,33738
75,188,33739
75,188,33740
75,188,33741
75,188,33742
75,188,33743
75,188,33744
75,188,33745
75,188,33746
75,188,33747
75,188,33748
75,188,33749
75,188,33784
75,188,33785
75,188,33786
75,188,33787
75,188,33788
75,188,33789
75,188,33790
75,188,33791
75,188,33792
75,188,33793
75,188,33794
75,188,33795
75,188,33796
75,188,33797
75,188,33798
75,188,33799
75,188,33800
8,1009,34270
8,1009,34271
8,1009,34272
8,1009,34273
8,991,34274
8,991,34275
8,991,34276
8,991,34277
8,1009,34307
8,1009,34308
8,1009,34309
8,1009,34310
8,991,34311
8,991,34312
8,991,34313
8,991,34314
81,188,34617
81,188,34618
81,188,34619
81,188,34620
81,188,34621
81,188,34622
81,188,34623
81,188,34624
81,188,34625
81,188,34626
81,188,34627
81,188,34628
81,188,34629
81,188,34630
81,188,34631
81,188,34632
81,188,34633
81,188,34634
81,188,34635
81,188,34636
81,188,34637
81,188,34638
81,188,34639
81,188,34640
81,188,34641
81,188,34642
81,188,34643
81,188,34644
81,188,34645
81,188,34646
81,188,34647
81,188,34648
81,188,34649
81,188,34650
81,188,34651
81,188,34652
81,188,34653
81,188,34654
81,188,34655
81,188,34656
81,188,34657
81,188,34658
81,188,34659
81,188,34660
81,188,34661
81,188,34662
81,188,34965
81,188,34966
81,188,34967
81,188,34968
81,188,34969
81,188,34970
81,188,34971
81,188,34972
81,188,34973
81,188,34974
81,188,34975
81,188,34976
81,188,34977
81,188,34978
81,188,34979
81,188,34980
81,188,34981
81,188,34982
81,188,34983
81,188,34984
81,188,34985
81,188,34986
81,188,34987
81,188,34988
81,188,34989
81,188,34990
81,188,34991
81,188,34992
81,188,34993
81,188,34994
81,188,34995
81,188,34996
81,188,34997
81,188,34998
81,188,34999
81,188,35000
81,188,35001
81,188,35002
81,188,35003
81,188,35004
81,188,35005
81,188,35006
81,188,35007
81,188,35008
81,188,35009
83,13,35122
83,13,35123
83,13,35124
83,13,35125
83,13,35126
83,13,35127
83,13,35128
83,13,35129
83,13,35130
83,13,35131
83,13,35132
83,13,35133
83,13,35134
83,13,35135
83,13,35136
83,13,35137
83,13,35138
83,13,35139
83,13,35140
83,13,35141
83,15,35142
83,15,35143
83,15,35144
83,15,35145
83,15,35146
83,15,35147
83,15,35148
83,15,35149
83,15,35150
83,15,35151
83,15,35152
83,15,35153
83,15,35154
83,15,35155
83,15,35156
83,15,35157
83,15,35158
83,15,35159
83,15,35160
83,15,35161
83,16,35162
83,16,35163
83,16,35164
83,16,35165
83,16,35166
83,16,35167
83,16,35168
83,16,35169
83,16,35170
83,16,35171
83,16,35172
83,16,35173
83,16,35174
83,16,35175
83,16,35176
83,16,35177
83,13,35346
83,13,35347
83,13,35348
83,13,35349
83,13,35350
83,13,35351
83,13,35352
83,13,35353
83,13,35354
83,13,35355
83,13,35356
83,13,35357
83,13,35358
83,13,35359
83,13,35360
83,13,35361
83,13,35362
83,13,35363
83,13,35364
83,13,35365
83,15,35366
83,15,35367
83,15,35368
83,15,35369
83,15,35370
83,15,35371
83,15,35372
83,15,35373
83,15,35374
83,15,35375
83,15,35376
83,15,35377
83,15,35378
83,15,35379
83,15,35380
83,15,35381
83,15,35382
83,15,35383
83,15,35384
83,15,35385
83,16,35386
83,16,35387
83,16,35388
83,16,35389
83,16,35390
83,16,35391
83,16,35392
83,16,35393
83,16,35394
83,16,35395
83,16,35396
83,16,35397
83,16,35398
83,16,35399
83,16,35400
83,16,35401
85,877,35412
85,878,35413
85,877,35424
85,878,35425
9,1015,35539
9,1015,35540
9,1015,35541
9,1015,35542
9,1015,35543
9,1015,35544
9,1015,35545
9,1015,35546
9,1015,35547
9,1015,35548
9,1015,35549
9,1015,35550
9,1015,35551
9,1015,35552
9,1015,35553
9,1015,35554
9,1015,35555
9,1015,35556
9,1015,35557
9,1015,35558
9,1015,35559
9,1015,35560
9,1015,35561
9,1015,35562
9,1015,35563
9,1015,35564
9,1015,35565
9,1015,35566
9,1015,35567
9,1015,35568
9,1015,35569
9,1015,35570
9,1015,35571
9,1015,35572
9,326,35573
9,326,35574
9,326,35575
9,326,35576
9,326,35577
9,326,35578
9,326,35579
9,326,35580
9,326,35581
9,326,35582
9,326,35583
9,326,35584
9,326,35585
9,326,35586
9,326,35587
9,326,35588
9,326,35589
9,326,35590
9,326,35591
9,326,35592
9,326,35593
9,326,35594
9,326,35595
9,326,35596
9,326,35597
9,326,35598
9,326,35599
9,326,35600
9,326,35601
9,326,35602
9,326,35603
9,326,35604
9,326,35605
9,326,35606
9,1015,35720
9,1015,35721
9,1015,35722
9,1015,35723
9,1015,35724
9,1015,35725
9,1015,35726
9,1015,35727
9,1015,35728
9,1015,35729
9,1015,35730
9,1015,35731
9,1015,35732
9,1015,35733
9,1015,35734
9,1015,35735
9,1015,35736
9,1015,35737
9,1015,35738
9,1015,35739
9,1015,35740
9,1015,35741
9,1015,35742
9,1015,35743
9,1015,35744
9,1015,35745
9,1015,35746
9,1015,35747
9,1015,35748
9,1015,35749
9,1015,35750
9,1015,35751
9,1015,35752
9,326,35753
9,326,35754
9,326,35755
9,326,35756
9,326,35757
9,326,35758
9,326,35759
9,326,35760
9,326,35761
9,326,35762
9,326,35763
9,326,35764
9,326,35765
9,326,35766
9,326,35767
9,326,35768
9,326,35769
9,326,35770
9,326,35771
9,326,35772
9,326,35773
9,326,35774
9,326,35775
9,326,35776
9,326,35777
9,326,35778
9,326,35779
9,326,35780
9,326,35781
9,326,35782
9,326,35783
9,326,35784
9,326,35785
